  8.1495144e-001  2.4296439e-001  1.4865572e+000 -3.0398600e-001
  2.1230207e+000  2.4204992e-001  1.4869585e+000 -3.0424900e-001
  3.3702681e+000  2.4179335e-001  1.4861361e+000 -3.0475300e-001
  4.6185771e+000  2.4169467e-001  1.4861558e+000 -3.0553900e-001
  5.8568080e+000  2.4141835e-001  1.4858532e+000 -3.0631300e-001
  7.1040996e+000  2.4082625e-001  1.4858137e+000 -3.0697500e-001
  8.3623286e+000  2.4070783e-001  1.4857743e+000 -3.0778200e-001
  9.6107765e+000  2.3979995e-001  1.4863269e+000 -3.0851400e-001
  1.0847917e+001  2.3940521e-001  1.4862151e+000 -3.0926400e-001
  1.2106151e+001  2.3925390e-001  1.4858335e+000 -3.1005100e-001
  1.3354475e+001  2.3884601e-001  1.4867151e+000 -3.1078400e-001
  1.4613696e+001  2.3782628e-001  1.4871032e+000 -3.1144100e-001
  1.5852030e+001  2.3794470e-001  1.4875571e+000 -3.1210200e-001
  1.7082298e+001  2.3831970e-001  1.4874848e+000 -3.1285500e-001
  1.8330590e+001  2.3735260e-001  1.4879256e+000 -3.1355400e-001
  1.9577868e+001  2.3682629e-001  1.4879979e+000 -3.1420000e-001
  2.0826195e+001  2.3631972e-001  1.4880966e+000 -3.1489600e-001
  2.2074425e+001  2.3659603e-001  1.4883071e+000 -3.1563400e-001
  2.3321801e+001  2.3586578e-001  1.4880440e+000 -3.1636800e-001
  2.4585075e+001  2.3597104e-001  1.4875308e+000 -3.1711800e-001
  2.5833408e+001  2.3566183e-001  1.4874453e+000 -3.1793700e-001
  2.7080710e+001  2.3476052e-001  1.4877216e+000 -3.1860200e-001
  2.8329072e+001  2.3463553e-001  1.4876427e+000 -3.1936900e-001
  2.9579339e+001  2.3403685e-001  1.4882677e+000 -3.2008000e-001
  3.0838659e+001  2.3380001e-001  1.4877414e+000 -3.2067700e-001
  3.2089010e+001  2.3289870e-001  1.4887348e+000 -3.2138500e-001
  3.3336323e+001  2.3301712e-001  1.4882940e+000 -3.2195200e-001
  3.4584622e+001  2.3266186e-001  1.4884190e+000 -3.2253200e-001
  3.5834953e+001  2.3218160e-001  1.4892940e+000 -3.2313200e-001
  3.7083209e+001  2.3180661e-001  1.4892084e+000 -3.2359100e-001
  3.8332438e+001  2.3161582e-001  1.4894782e+000 -3.2428700e-001
  3.9592771e+001  2.3112898e-001  1.4901624e+000 -3.2481900e-001
  4.0861096e+001  2.3047767e-001  1.4907545e+000 -3.2542900e-001
  4.2128403e+001  2.3020794e-001  1.4908992e+000 -3.2602800e-001
  4.3396686e+001  2.3001715e-001  1.4907545e+000 -3.2643000e-001
  4.4654930e+001  2.2979347e-001  1.4908334e+000 -3.2723000e-001
  4.5925402e+001  2.2920795e-001  1.4904913e+000 -3.2810300e-001
  4.7172570e+001  2.2848427e-001  1.4908334e+000 -3.2869000e-001
  4.8420790e+001  2.2846454e-001  1.4906032e+000 -3.2929000e-001
  4.9669199e+001  2.2833954e-001  1.4909847e+000 -3.2988000e-001
  5.0919453e+001  2.2783296e-001  1.4911887e+000 -3.3036300e-001
  5.2196754e+001  2.2778691e-001  1.4905703e+000 -3.3099500e-001
  5.3446003e+001  2.2674745e-001  1.4915111e+000 -3.3144200e-001
  5.4706259e+001  2.2676061e-001  1.4913992e+000 -3.3194400e-001
  5.5954553e+001  2.2686587e-001  1.4918137e+000 -3.3246900e-001
  5.7204867e+001  2.2601719e-001  1.4930242e+000 -3.3290900e-001
  5.8454123e+001  2.2541194e-001  1.4924453e+000 -3.3338100e-001
  5.9734391e+001  2.2532641e-001  1.4936689e+000 -3.3390700e-001
  6.0982664e+001  2.2492510e-001  1.4948597e+000 -3.3416500e-001
  6.2251968e+001  2.2495141e-001  1.4950110e+000 -3.3452200e-001
  6.3622108e+001  2.2388563e-001  1.4956886e+000 -3.3506200e-001
  6.4882514e+001  2.2388563e-001  1.4962347e+000 -3.3549000e-001
  6.6129772e+001  2.2335932e-001  1.4971623e+000 -3.3588600e-001
  6.7378087e+001  2.2322775e-001  1.4979255e+000 -3.3628600e-001
  6.8626358e+001  2.2272117e-001  1.4977478e+000 -3.3680200e-001
  6.9894710e+001  2.2249749e-001  1.4979913e+000 -3.3725400e-001
  7.1155895e+001  2.2231328e-001  1.4978794e+000 -3.3784200e-001
  7.2414335e+001  2.2185934e-001  1.4980768e+000 -3.3834700e-001
  7.3662424e+001  2.2138566e-001  1.4980373e+000 -3.3879100e-001
  7.4940684e+001  2.2081330e-001  1.4980768e+000 -3.3920500e-001
  7.6187964e+001  2.2086593e-001  1.4982413e+000 -3.3952100e-001
  7.7436254e+001  2.2022778e-001  1.4986228e+000 -3.4008000e-001
  7.8704364e+001  2.2005673e-001  1.4994781e+000 -3.4067800e-001
  7.9993663e+001  2.1968173e-001  1.4985965e+000 -3.4120200e-001
  8.1244002e+001  2.1909621e-001  1.4986360e+000 -3.4172700e-001
  8.2492209e+001  2.1907647e-001  1.4987149e+000 -3.4223900e-001
  8.3736573e+001  2.1855674e-001  1.4986623e+000 -3.4271400e-001
  8.4987015e+001  2.1833306e-001  1.4986097e+000 -3.4306200e-001
  8.6235202e+001  2.1801727e-001  1.4986097e+000 -3.4355200e-001
  8.7482490e+001  2.1741859e-001  1.4993728e+000 -3.4399700e-001
  8.8732780e+001  2.1759622e-001  1.4988860e+000 -3.4451800e-001
  8.9981110e+001  2.1706334e-001  1.4989386e+000 -3.4504200e-001
  9.1228421e+001  2.1699755e-001  1.4984584e+000 -3.4549600e-001
  9.2476660e+001  2.1620150e-001  1.4987412e+000 -3.4601400e-001
  9.3724942e+001  2.1618834e-001  1.4985176e+000 -3.4641200e-001
  9.4973268e+001  2.1566861e-001  1.4988728e+000 -3.4681400e-001
  9.6222580e+001  2.1529362e-001  1.4994649e+000 -3.4715700e-001
  9.7482830e+001  2.1540546e-001  1.4988597e+000 -3.4760800e-001
  9.8730143e+001  2.1468836e-001  1.4996097e+000 -3.4798500e-001
  9.9980574e+001  2.1445152e-001  1.5000833e+000 -3.4834300e-001
  1.0124875e+002  2.1428047e-001  1.4995044e+000 -3.4882000e-001
  1.0252699e+002  2.1435284e-001  1.5005570e+000 -3.4918700e-001
  1.0378429e+002  2.1348442e-001  1.5006294e+000 -3.4961000e-001
  1.0504258e+002  2.1319495e-001  1.5005044e+000 -3.5005600e-001
  1.0631092e+002  2.1301074e-001  1.5008794e+000 -3.5050500e-001
  1.0755818e+002  2.1263575e-001  1.5003860e+000 -3.5092300e-001
  1.0880652e+002  2.1207654e-001  1.5008333e+000 -3.5125100e-001
  1.1005478e+002  2.1145155e-001  1.5012939e+000 -3.5158900e-001
  1.1130207e+002  2.1155023e-001  1.5011491e+000 -3.5195600e-001
  1.1255237e+002  2.1129366e-001  1.5009320e+000 -3.5233400e-001
  1.1379764e+002  2.1099761e-001  1.5009057e+000 -3.5271500e-001
  1.1504595e+002  2.1072129e-001  1.5016162e+000 -3.5308200e-001
  1.1629521e+002  2.1066866e-001  1.5010110e+000 -3.5348900e-001
  1.1754546e+002  2.1013577e-001  1.5010504e+000 -3.5385100e-001
  1.1882383e+002  2.1002393e-001  1.5013465e+000 -3.5426300e-001
  1.2007107e+002  2.0943183e-001  1.5016952e+000 -3.5452100e-001
  1.2132133e+002  2.0928710e-001  1.5014254e+000 -3.5497700e-001
  1.2257853e+002  2.0899105e-001  1.5019583e+000 -3.5538600e-001
  1.2384794e+002  2.0866868e-001  1.5016557e+000 -3.5576000e-001
  1.2512521e+002  2.0826079e-001  1.5014452e+000 -3.5612900e-001
  1.2637351e+002  2.0826737e-001  1.5016688e+000 -3.5649000e-001
  1.2763184e+002  2.0772132e-001  1.5023004e+000 -3.5680600e-001
  1.2889920e+002  2.0755685e-001  1.5026162e+000 -3.5711600e-001
  1.3014749e+002  2.0728054e-001  1.5029780e+000 -3.5746300e-001
  1.3139475e+002  2.0693844e-001  1.5022807e+000 -3.5775800e-001
  1.3264300e+002  2.0652397e-001  1.5033596e+000 -3.5808700e-001
  1.3389323e+002  2.0624765e-001  1.5036557e+000 -3.5841300e-001
  1.3516053e+002  2.0612924e-001  1.5031951e+000 -3.5874500e-001
  1.3641886e+002  2.0611608e-001  1.5029386e+000 -3.5902600e-001
  1.3766703e+002  2.0546477e-001  1.5032938e+000 -3.5936900e-001
  1.3892553e+002  2.0508319e-001  1.5038662e+000 -3.5974300e-001
  1.4018276e+002  2.0470820e-001  1.5041294e+000 -3.6005300e-001
  1.4143101e+002  2.0451083e-001  1.5038136e+000 -3.6036200e-001
  1.4267928e+002  2.0420820e-001  1.5036557e+000 -3.6063900e-001
  1.4395053e+002  2.0387926e-001  1.5043136e+000 -3.6095200e-001
  1.4522087e+002  2.0418847e-001  1.5042412e+000 -3.6126600e-001
  1.4646917e+002  2.0361610e-001  1.5045833e+000 -3.6155900e-001
  1.4772846e+002  2.0310295e-001  1.5044057e+000 -3.6182700e-001
  1.4899866e+002  2.0297795e-001  1.5052675e+000 -3.6206000e-001
  1.5027888e+002  2.0281348e-001  1.5049912e+000 -3.6246800e-001
  1.5153626e+002  2.0293848e-001  1.5048530e+000 -3.6276600e-001
  1.5278656e+002  2.0212270e-001  1.5048267e+000 -3.6298500e-001
  1.5404682e+002  2.0156349e-001  1.5053991e+000 -3.6327500e-001
  1.5529513e+002  2.0147139e-001  1.5056096e+000 -3.6356700e-001
  1.5657463e+002  2.0141876e-001  1.5058859e+000 -3.6383200e-001
  1.5783297e+002  2.0103060e-001  1.5063793e+000 -3.6410900e-001
  1.5910031e+002  2.0057666e-001  1.5066030e+000 -3.6440800e-001
  1.6037076e+002  2.0050429e-001  1.5071227e+000 -3.6457100e-001
  1.6163098e+002  2.0054377e-001  1.5068399e+000 -3.6493600e-001
  1.6289835e+002  1.9989246e-001  1.5068662e+000 -3.6525100e-001
  1.6418650e+002  1.9958325e-001  1.5067543e+000 -3.6545900e-001
  1.6546485e+002  1.9922141e-001  1.5077346e+000 -3.6578700e-001
  1.6673203e+002  1.9934641e-001  1.5070372e+000 -3.6608700e-001
  1.6801031e+002  1.9864905e-001  1.5073991e+000 -3.6628800e-001
  1.6927850e+002  1.9858326e-001  1.5076951e+000 -3.6654800e-001
  1.7057683e+002  1.9837931e-001  1.5073793e+000 -3.6684500e-001
  1.7183415e+002  1.9844510e-001  1.5077280e+000 -3.6705300e-001
  1.7309240e+002  1.9787932e-001  1.5081425e+000 -3.6724900e-001
  1.7434172e+002  1.9757011e-001  1.5088530e+000 -3.6753600e-001
  1.7559002e+002  1.9692538e-001  1.5084517e+000 -3.6778400e-001
  1.7683931e+002  1.9717538e-001  1.5083201e+000 -3.6804300e-001
  1.7810959e+002  1.9668854e-001  1.5092280e+000 -3.6830600e-001
  1.7937893e+002  1.9639249e-001  1.5090438e+000 -3.6857400e-001
  1.8064722e+002  1.9615565e-001  1.5087938e+000 -3.6877000e-001
  1.8191553e+002  1.9607013e-001  1.5096622e+000 -3.6904600e-001
  1.8319283e+002  1.9601750e-001  1.5091425e+000 -3.6925700e-001
  1.8447113e+002  1.9561618e-001  1.5096753e+000 -3.6941500e-001
  1.8575138e+002  1.9491882e-001  1.5102609e+000 -3.6966000e-001
  1.8700971e+002  1.9545829e-001  1.5095635e+000 -3.6992300e-001
  1.8827895e+002  1.9435962e-001  1.5108924e+000 -3.7009900e-001
  1.8955923e+002  1.9457672e-001  1.5101096e+000 -3.6996900e-001
  1.9081958e+002  1.9489909e-001  1.5149516e+000 -3.6922700e-001
  1.9209878e+002  1.9372804e-001  1.5149845e+000 -3.6976200e-001
  1.9335715e+002  1.9401752e-001  1.5142214e+000 -3.6996800e-001
  1.9462538e+002  1.9332015e-001  1.5146424e+000 -3.7043800e-001
  1.9590280e+002  1.9330700e-001  1.5139648e+000 -3.7076800e-001
  1.9718085e+002  1.9350436e-001  1.5131095e+000 -3.7103900e-001
  1.9843113e+002  1.9246490e-001  1.5141095e+000 -3.7140700e-001
  1.9971139e+002  1.9278726e-001  1.5131622e+000 -3.7170400e-001
  2.0096865e+002  1.9247806e-001  1.5128661e+000 -3.7194000e-001
  2.0223689e+002  1.9221490e-001  1.5133069e+000 -3.7225500e-001
  2.0351717e+002  1.9187280e-001  1.5134187e+000 -3.7256100e-001
  2.0479146e+002  1.9173464e-001  1.5129845e+000 -3.7283000e-001
  2.0605966e+002  1.9149780e-001  1.5134122e+000 -3.7302000e-001
  2.0731991e+002  1.9098465e-001  1.5133661e+000 -3.7332500e-001
  2.0859022e+002  1.9120833e-001  1.5129385e+000 -3.7356300e-001
  2.0987750e+002  1.9055702e-001  1.5130437e+000 -3.7378100e-001
  2.1114578e+002  1.9064913e-001  1.5130635e+000 -3.7377300e-001
  2.1243600e+002  1.9051097e-001  1.5133858e+000 -3.7422800e-001
  2.1371530e+002  1.9020176e-001  1.5135372e+000 -3.7451200e-001
  2.1499541e+002  1.8974124e-001  1.5132279e+000 -3.7474100e-001
  2.1626576e+002  1.8955046e-001  1.5137279e+000 -3.7496400e-001
  2.1755397e+002  1.8920177e-001  1.5129516e+000 -3.7523800e-001
  2.1883127e+002  1.8884651e-001  1.5138003e+000 -3.7550200e-001
  2.2011147e+002  1.8909651e-001  1.5132740e+000 -3.7570400e-001
  2.2138185e+002  1.8896493e-001  1.5129056e+000 -3.7551200e-001
  2.2267008e+002  1.8812942e-001  1.5140898e+000 -3.7591100e-001
  2.2393738e+002  1.8836626e-001  1.5145503e+000 -3.7619900e-001
  2.2521565e+002  1.8808994e-001  1.5137740e+000 -3.7648900e-001
  2.2647492e+002  1.8815573e-001  1.5132543e+000 -3.7673600e-001
  2.2775521e+002  1.8740574e-001  1.5133661e+000 -3.7701300e-001
  2.2902551e+002  1.8756363e-001  1.5130043e+000 -3.7733700e-001
  2.3028382e+002  1.8746495e-001  1.5140503e+000 -3.7758000e-001
  2.3155110e+002  1.8717548e-001  1.5130108e+000 -3.7781700e-001
  2.3282936e+002  1.8689259e-001  1.5124780e+000 -3.7810300e-001
  2.3411260e+002  1.8672812e-001  1.5127016e+000 -3.7841400e-001
  2.3538990e+002  1.8634654e-001  1.5133332e+000 -3.7873200e-001
  2.3664819e+002  1.8636628e-001  1.5124845e+000 -3.7881800e-001
  2.3791645e+002  1.8606365e-001  1.5119648e+000 -3.7913300e-001
  2.3920666e+002  1.8576102e-001  1.5121819e+000 -3.7942500e-001
  2.4047400e+002  1.8539260e-001  1.5120372e+000 -3.7964100e-001
  2.4175218e+002  1.8512287e-001  1.5126687e+000 -3.7987900e-001
  2.4301261e+002  1.8478735e-001  1.5127345e+000 -3.8007300e-001
  2.4428197e+002  1.8488603e-001  1.5125174e+000 -3.8029600e-001
  2.4556026e+002  1.8501761e-001  1.5121161e+000 -3.8051900e-001
  2.4684051e+002  1.8446498e-001  1.5123398e+000 -3.8073900e-001
  2.4811778e+002  1.8432024e-001  1.5122806e+000 -3.8089100e-001
  2.4937611e+002  1.8415577e-001  1.5121358e+000 -3.8110700e-001
  2.5064446e+002  1.8414262e-001  1.5123858e+000 -3.8131500e-001
  2.5192170e+002  1.8426103e-001  1.5117937e+000 -3.8145600e-001
  2.5319000e+002  1.8333341e-001  1.5124911e+000 -3.8161200e-001
  2.5448020e+002  1.8325447e-001  1.5129451e+000 -3.8181500e-001
  2.5573947e+002  1.8349131e-001  1.5127148e+000 -3.8197800e-001
  2.5700981e+002  1.8283342e-001  1.5130174e+000 -3.8216700e-001
  2.5828805e+002  1.8295184e-001  1.5133793e+000 -3.8236700e-001
  2.5956831e+002  1.8276763e-001  1.5131293e+000 -3.8250500e-001
  2.6084560e+002  1.8273473e-001  1.5128793e+000 -3.8268400e-001
  2.6210593e+002  1.8201106e-001  1.5137411e+000 -3.8282500e-001
  2.6337518e+002  1.8189922e-001  1.5138924e+000 -3.8294200e-001
  2.6465243e+002  1.8178738e-001  1.5138200e+000 -3.8314600e-001
  2.6593269e+002  1.8173474e-001  1.5136622e+000 -3.8325000e-001
  2.6721093e+002  1.8159659e-001  1.5140898e+000 -3.8352500e-001
  2.6848917e+002  1.8124133e-001  1.5133793e+000 -3.8366300e-001
  2.6974849e+002  1.8130712e-001  1.5136885e+000 -3.8379500e-001
  2.7101875e+002  1.8098475e-001  1.5138661e+000 -3.8393500e-001
  2.7229704e+002  1.8088607e-001  1.5138924e+000 -3.8416900e-001
  2.7357425e+002  1.8076765e-001  1.5139845e+000 -3.8428300e-001
  2.7484260e+002  1.8046502e-001  1.5139516e+000 -3.8445000e-001
  2.7610080e+002  1.8003081e-001  1.5146161e+000 -3.8459800e-001
  2.7737810e+002  1.8055712e-001  1.5147279e+000 -3.8477400e-001
  2.7864842e+002  1.8009660e-001  1.5143924e+000 -3.8490600e-001
  2.7992875e+002  1.7970845e-001  1.5145700e+000 -3.8505900e-001
  2.8121698e+002  1.7948477e-001  1.5151556e+000 -3.8522700e-001
  2.8249625e+002  1.7951108e-001  1.5146753e+000 -3.8541400e-001
  2.8377446e+002  1.7923477e-001  1.5150042e+000 -3.8556900e-001
  2.8505284e+002  1.7865583e-001  1.5152082e+000 -3.8573900e-001
  2.8634005e+002  1.7845846e-001  1.5155240e+000 -3.8583300e-001
  2.8762830e+002  1.7853083e-001  1.5155766e+000 -3.8603000e-001
  2.8890660e+002  1.7832031e-001  1.5152279e+000 -3.8622300e-001
  2.9018390e+002  1.7839925e-001  1.5150174e+000 -3.8632800e-001
  2.9148218e+002  1.7785978e-001  1.5158332e+000 -3.8650400e-001
  2.9276046e+002  1.7762294e-001  1.5160108e+000 -3.8667000e-001
  2.9404276e+002  1.7801768e-001  1.5148332e+000 -3.8685900e-001
  2.9534100e+002  1.7764926e-001  1.5154384e+000 -3.8699900e-001
  2.9661930e+002  1.7693216e-001  1.5158134e+000 -3.8710900e-001
  2.9789760e+002  1.7736637e-001  1.5149319e+000 -3.8735900e-001
  2.9915584e+002  1.7701111e-001  1.5155437e+000 -3.8754600e-001
  3.0043497e+002  1.7737295e-001  1.5153200e+000 -3.8767500e-001
  3.0170333e+002  1.7628085e-001  1.5155898e+000 -3.8786200e-001
  3.0298059e+002  1.7657032e-001  1.5152937e+000 -3.8802700e-001
  3.0425896e+002  1.7666243e-001  1.5151161e+000 -3.8824400e-001
  3.0553918e+002  1.7582691e-001  1.5154319e+000 -3.8844000e-001
  3.0681749e+002  1.7599138e-001  1.5152740e+000 -3.8861100e-001
  3.0809467e+002  1.7611638e-001  1.5151819e+000 -3.8878400e-001
  3.0937308e+002  1.7609664e-001  1.5148200e+000 -3.8896600e-001
  3.1065340e+002  1.7560323e-001  1.5158595e+000 -3.8910300e-001
  3.1193278e+002  1.7532034e-001  1.5150503e+000 -3.8922100e-001
  3.1320096e+002  1.7517560e-001  1.5156029e+000 -3.8935300e-001
  3.1449120e+002  1.7555718e-001  1.5149385e+000 -3.8954200e-001
  3.1578263e+002  1.7481376e-001  1.5153398e+000 -3.8727100e-001
  3.1706875e+002  1.7472824e-001  1.5154450e+000 -3.8957800e-001
  3.1832708e+002  1.7472166e-001  1.5158069e+000 -3.8982600e-001
  3.1961439e+002  1.7468218e-001  1.5154977e+000 -3.9001800e-001
  3.2090272e+002  1.7435324e-001  1.5160437e+000 -3.9016100e-001
  3.2218088e+002  1.7375456e-001  1.5155898e+000 -3.9034700e-001
  3.2346119e+002  1.7396509e-001  1.5156029e+000 -3.9050700e-001
  3.2474350e+002  1.7381377e-001  1.5160963e+000 -3.9068100e-001
  3.2602174e+002  1.7351772e-001  1.5158858e+000 -3.9076500e-001
  3.2732013e+002  1.7310325e-001  1.5158463e+000 -3.9101800e-001
  3.2860738e+002  1.7343878e-001  1.5156621e+000 -3.9109100e-001
  3.2988565e+002  1.7311641e-001  1.5158134e+000 -3.9128400e-001
  3.3115395e+002  1.7345851e-001  1.5153069e+000 -3.9143200e-001
  3.3245119e+002  1.7273484e-001  1.5154319e+000 -3.9158000e-001
  3.3372952e+002  1.7330720e-001  1.5153463e+000 -3.9173700e-001
  3.3500781e+002  1.7250457e-001  1.5157148e+000 -3.9188600e-001
  3.3628736e+002  1.7237300e-001  1.5159450e+000 -3.9201200e-001
  3.3756560e+002  1.7210984e-001  1.5162871e+000 -3.9215300e-001
  3.3884591e+002  1.7213616e-001  1.5162082e+000 -3.9228000e-001
  3.4012511e+002  1.7250457e-001  1.5153924e+000 -3.9246800e-001
  3.4140338e+002  1.7186642e-001  1.5154648e+000 -3.9258500e-001
  3.4269362e+002  1.7178748e-001  1.5154319e+000 -3.9267600e-001
  3.4396085e+002  1.7164274e-001  1.5153792e+000 -3.9283300e-001
  3.4525923e+002  1.7110327e-001  1.5162871e+000 -3.9297200e-001
  3.4655939e+002  1.7158353e-001  1.5158398e+000 -3.9307500e-001
  3.4782974e+002  1.7106380e-001  1.5156753e+000 -3.9320400e-001
  3.4913804e+002  1.7174142e-001  1.5165305e+000 -3.9338000e-001
  3.5040537e+002  1.7067565e-001  1.5164648e+000 -3.9348600e-001
  3.5169558e+002  1.7070196e-001  1.5155832e+000 -3.9362600e-001
  3.5296408e+002  1.7084012e-001  1.5159516e+000 -3.9371700e-001
  3.5424415e+002  1.7059670e-001  1.5158003e+000 -3.9376900e-001
  3.5552244e+002  1.7066249e-001  1.5161424e+000 -3.9396500e-001
  3.5683275e+002  1.7029407e-001  1.5160963e+000 -3.9410400e-001
  3.5813008e+002  1.7003749e-001  1.5165832e+000 -3.9424000e-001
  3.5941830e+002  1.6991250e-001  1.5162082e+000 -3.9435300e-001
  3.6069662e+002  1.6989276e-001  1.5159713e+000 -3.9443300e-001
  3.6197587e+002  1.6959013e-001  1.5162411e+000 -3.9451000e-001
  3.6327413e+002  1.6978092e-001  1.5164121e+000 -3.9467500e-001
  3.6458236e+002  1.6934671e-001  1.5166226e+000 -3.9477400e-001
  3.6586069e+002  1.6899803e-001  1.5170240e+000 -3.9492700e-001
  3.6716992e+002  1.6922171e-001  1.5171358e+000 -3.9496400e-001
  3.6845011e+002  1.6909014e-001  1.5165174e+000 -3.9500700e-001
  3.6972747e+002  1.6857040e-001  1.5169779e+000 -3.9516000e-001
  3.7103874e+002  1.6871514e-001  1.5170503e+000 -3.9519600e-001
  3.7231893e+002  1.6830067e-001  1.5177937e+000 -3.9535200e-001
  3.7359830e+002  1.6866251e-001  1.5170174e+000 -3.9544600e-001
  3.7487658e+002  1.6812962e-001  1.5179647e+000 -3.9554700e-001
  3.7614480e+002  1.6832699e-001  1.5175503e+000 -3.9560900e-001
  3.7744301e+002  1.6807041e-001  1.5170240e+000 -3.9574300e-001
  3.7873235e+002  1.6788620e-001  1.5176095e+000 -3.9585000e-001
  3.8001270e+002  1.6782041e-001  1.5176950e+000 -3.9596000e-001
  3.8130294e+002  1.6770857e-001  1.5172213e+000 -3.9607500e-001
  3.8258219e+002  1.6745857e-001  1.5173463e+000 -3.9607900e-001
  3.8388451e+002  1.6747173e-001  1.5179516e+000 -3.9623100e-001
  3.8519471e+002  1.6699805e-001  1.5185963e+000 -3.9635300e-001
  3.8648498e+002  1.6705726e-001  1.5174911e+000 -3.9641800e-001
  3.8776330e+002  1.6657042e-001  1.5185634e+000 -3.9652500e-001
  3.8906052e+002  1.6681384e-001  1.5185371e+000 -3.9660600e-001
  3.9035874e+002  1.6676779e-001  1.5183595e+000 -3.9670300e-001
  3.9164805e+002  1.6632043e-001  1.5185832e+000 -3.9676200e-001
  3.9295831e+002  1.6634674e-001  1.5183726e+000 -3.9684200e-001
  3.9423852e+002  1.6670200e-001  1.5184713e+000 -3.9695400e-001
  3.9554676e+002  1.6595859e-001  1.5198726e+000 -3.9682800e-001
  3.9682400e+002  1.6614938e-001  1.5197674e+000 -3.9690900e-001
  3.9810437e+002  1.6622174e-001  1.5193331e+000 -3.9703100e-001
  3.9938462e+002  1.6587306e-001  1.5200897e+000 -3.9716500e-001
  4.0069289e+002  1.6559017e-001  1.5200305e+000 -3.9722200e-001
  4.0199010e+002  1.6532044e-001  1.5201818e+000 -3.9720500e-001
  4.0329935e+002  1.6580727e-001  1.5199384e+000 -3.9739000e-001
  4.0460762e+002  1.6547833e-001  1.5200700e+000 -3.9750900e-001
  4.0590595e+002  1.6576780e-001  1.5200634e+000 -3.9751200e-001
  4.0718318e+002  1.6498491e-001  1.5202937e+000 -3.9758100e-001
  4.0848146e+002  1.6499807e-001  1.5210173e+000 -3.9765100e-001
  4.0976078e+002  1.6484018e-001  1.5210371e+000 -3.9781600e-001
  4.1103900e+002  1.6494544e-001  1.5205700e+000 -3.9780200e-001
  4.1234725e+002  1.6399150e-001  1.5212344e+000 -3.9795400e-001
  4.1363451e+002  1.6500465e-001  1.5206687e+000 -3.9805700e-001
  4.1492379e+002  1.6459676e-001  1.5212081e+000 -3.9813700e-001
  4.1622103e+002  1.6435992e-001  1.5207147e+000 -3.9823200e-001
  4.1751937e+002  1.6429413e-001  1.5205897e+000 -3.9835600e-001
  4.1880660e+002  1.6384019e-001  1.5213726e+000 -3.9844300e-001
  4.2008486e+002  1.6411650e-001  1.5205700e+000 -3.9857800e-001
  4.2138511e+002  1.6382045e-001  1.5205766e+000 -3.9861800e-001
  4.2269538e+002  1.6362309e-001  1.5210502e+000 -3.9881500e-001
  4.2399663e+002  1.6363624e-001  1.5206950e+000 -3.9892400e-001
  4.2530092e+002  1.6362309e-001  1.5214844e+000 -3.9902300e-001
  4.2659032e+002  1.6376782e-001  1.5201160e+000 -3.9915600e-001
  4.2786951e+002  1.6346519e-001  1.5205568e+000 -3.9924300e-001
  4.2914779e+002  1.6374808e-001  1.5207016e+000 -3.9937400e-001
  4.3044613e+002  1.6293230e-001  1.5210700e+000 -3.9950300e-001
  4.3177430e+002  1.6309020e-001  1.5201884e+000 -3.9962100e-001
  4.3305160e+002  1.6309020e-001  1.5204845e+000 -3.9972800e-001
  4.3435983e+002  1.6268888e-001  1.5212739e+000 -3.9985200e-001
  4.3563813e+002  1.6285336e-001  1.5204779e+000 -3.9993700e-001
  4.3691742e+002  1.6225468e-001  1.5209647e+000 -3.9991600e-001
  4.3819570e+002  1.6250468e-001  1.5207279e+000 -4.0010800e-001
  4.3949400e+002  1.6247178e-001  1.5202805e+000 -4.0027600e-001
  4.4080125e+002  1.6222178e-001  1.5206292e+000 -4.0040000e-001
  4.4208154e+002  1.6187968e-001  1.5207344e+000 -4.0035400e-001
  4.4339177e+002  1.6172837e-001  1.5208331e+000 -4.0059200e-001
  4.4469505e+002  1.6212968e-001  1.5201884e+000 -4.0070000e-001
  4.4600337e+002  1.6140600e-001  1.5204713e+000 -4.0070400e-001
  4.4731162e+002  1.6185995e-001  1.5202476e+000 -4.0087800e-001
  4.4861991e+002  1.6168889e-001  1.5202016e+000 -4.0098700e-001
  4.4992916e+002  1.6155074e-001  1.5205568e+000 -4.0097800e-001
  4.5121041e+002  1.6146521e-001  1.5211292e+000 -4.0102700e-001
  4.5248968e+002  1.6132048e-001  1.5211358e+000 -4.0106900e-001
  4.5378704e+002  1.6130074e-001  1.5210305e+000 -4.0123200e-001
  4.5507531e+002  1.6073496e-001  1.5213660e+000 -4.0133000e-001
  4.5638359e+002  1.6089285e-001  1.5213002e+000 -4.0145900e-001
  4.5769088e+002  1.6076127e-001  1.5207147e+000 -4.0152000e-001
  4.5899122e+002  1.6078101e-001  1.5210239e+000 -4.0158500e-001
  4.6026952e+002  1.6078101e-001  1.5213463e+000 -4.0164800e-001
  4.6156768e+002  1.6009023e-001  1.5217805e+000 -4.0178000e-001
  4.6289589e+002  1.6013628e-001  1.5218726e+000 -4.0189200e-001
  4.6418504e+002  1.6063627e-001  1.5210700e+000 -4.0189400e-001
  4.6547323e+002  1.6045864e-001  1.5210897e+000 -4.0203700e-001
  4.6678338e+002  1.6022838e-001  1.5210437e+000 -4.0215700e-001
  4.6809162e+002  1.6034680e-001  1.5212673e+000 -4.0224000e-001
  4.6937879e+002  1.5995207e-001  1.5210831e+000 -4.0230500e-001
  4.7068696e+002  1.5982707e-001  1.5209384e+000 -4.0237500e-001
  4.7197696e+002  1.6003760e-001  1.5210371e+000 -4.0250900e-001
  4.7328344e+002  1.5945208e-001  1.5218134e+000 -4.0260300e-001
  4.7461065e+002  1.5955734e-001  1.5210897e+000 -4.0267300e-001
  4.7592185e+002  1.5959023e-001  1.5210700e+000 -4.0272400e-001
  4.7723006e+002  1.5926787e-001  1.5214384e+000 -4.0284000e-001
  4.7853022e+002  1.5877445e-001  1.5222476e+000 -4.0293700e-001
  4.7983850e+002  1.5924813e-001  1.5214647e+000 -4.0299400e-001
  4.8113571e+002  1.5916918e-001  1.5210568e+000 -4.0306000e-001
  4.8245379e+002  1.5905076e-001  1.5220239e+000 -4.0317800e-001
  4.8375208e+002  1.5879419e-001  1.5218792e+000 -4.0328800e-001
  4.8505922e+002  1.5873498e-001  1.5215437e+000 -4.0331600e-001
  4.8635951e+002  1.5867577e-001  1.5215634e+000 -4.0340700e-001
  4.8764777e+002  1.5895208e-001  1.5218068e+000 -4.0338000e-001
  4.8895799e+002  1.5809683e-001  1.5219976e+000 -4.0343000e-001
  4.9026618e+002  1.5827446e-001  1.5223397e+000 -4.0355300e-001
  4.9156439e+002  1.5865603e-001  1.5218463e+000 -4.0361400e-001
  4.9286264e+002  1.5856393e-001  1.5219910e+000 -4.0370000e-001
  4.9417077e+002  1.5776788e-001  1.5221094e+000 -4.0377700e-001
  4.9546899e+002  1.5806393e-001  1.5221094e+000 -4.0385300e-001
  4.9675613e+002  1.5812314e-001  1.5219713e+000 -4.0392300e-001
  4.9805642e+002  1.5832709e-001  1.5220568e+000 -4.0404600e-001
  4.9936654e+002  1.5780078e-001  1.5225700e+000 -4.0406300e-001
  5.0067475e+002  1.5774157e-001  1.5222476e+000 -4.0417900e-001
  5.0195502e+002  1.5779420e-001  1.5223331e+000 -4.0413200e-001
  5.0325219e+002  1.5765604e-001  1.5223594e+000 -4.0420300e-001
  5.0457244e+002  1.5724815e-001  1.5230436e+000 -4.0423500e-001
  5.0588263e+002  1.5718236e-001  1.5231423e+000 -4.0427200e-001
  5.0719086e+002  1.5755078e-001  1.5226029e+000 -4.0441900e-001
  5.0849005e+002  1.5733368e-001  1.5229121e+000 -4.0447000e-001
  5.0978841e+002  1.5722183e-001  1.5223397e+000 -4.0454900e-001
  5.1109654e+002  1.5743894e-001  1.5224647e+000 -4.0466300e-001
  5.1240474e+002  1.5711657e-001  1.5225700e+000 -4.0476100e-001
  5.1370200e+002  1.5682052e-001  1.5223792e+000 -4.0483200e-001
  5.1501217e+002  1.5670210e-001  1.5226884e+000 -4.0492500e-001
  5.1631076e+002  1.5704420e-001  1.5225963e+000 -4.0502700e-001
  5.1761799e+002  1.5660342e-001  1.5228068e+000 -4.0509100e-001
  5.1893626e+002  1.5637974e-001  1.5231621e+000 -4.0517000e-001
  5.2023652e+002  1.5709684e-001  1.5223923e+000 -4.0527700e-001
  5.2153373e+002  1.5682052e-001  1.5229778e+000 -4.0540900e-001
  5.2283211e+002  1.5625474e-001  1.5226555e+000 -4.0530600e-001
  5.2415323e+002  1.5628105e-001  1.5221686e+000 -4.0553200e-001
  5.2545140e+002  1.5643895e-001  1.5225502e+000 -4.0564900e-001
  5.2675969e+002  1.5614948e-001  1.5222344e+000 -4.0570800e-001
  5.2808675e+002  1.5603764e-001  1.5229976e+000 -4.0569600e-001
  5.2939503e+002  1.5601132e-001  1.5220042e+000 -4.0588900e-001
  5.3071324e+002  1.5592579e-001  1.5222871e+000 -4.0601000e-001
  5.3203144e+002  1.5573501e-001  1.5218331e+000 -4.0607000e-001
  5.3332870e+002  1.5633369e-001  1.5222147e+000 -4.0611900e-001
  5.3462690e+002  1.5524817e-001  1.5225963e+000 -4.0613700e-001
  5.3593708e+002  1.5570211e-001  1.5223660e+000 -4.0633600e-001
  5.3725537e+002  1.5547185e-001  1.5220108e+000 -4.0625800e-001
  5.3858255e+002  1.5468897e-001  1.5228660e+000 -4.0644600e-001
  5.3988087e+002  1.5517580e-001  1.5226686e+000 -4.0651800e-001
  5.4118904e+002  1.5482712e-001  1.5221226e+000 -4.0660000e-001
  5.4251721e+002  1.5466923e-001  1.5228002e+000 -4.0669300e-001
  5.4385650e+002  1.5509028e-001  1.5220831e+000 -4.0684500e-001
  5.4516474e+002  1.5508370e-001  1.5218792e+000 -4.0681700e-001
  5.4646293e+002  1.5499817e-001  1.5217936e+000 -4.0681300e-001
  5.4777306e+002  1.5480081e-001  1.5217476e+000 -4.0695600e-001
  5.4911234e+002  1.5484686e-001  1.5226423e+000 -4.0704400e-001
  5.5041259e+002  1.5476133e-001  1.5222476e+000 -4.0705500e-001
  5.5173081e+002  1.5460344e-001  1.5221423e+000 -4.0716100e-001
  5.5303109e+002  1.5451791e-001  1.5218858e+000 -4.0723500e-001
  5.5433828e+002  1.5457055e-001  1.5221686e+000 -4.0729000e-001
  5.5564652e+002  1.5426134e-001  1.5226950e+000 -4.0732400e-001
  5.5694479e+002  1.5357713e-001  1.5229778e+000 -4.0735400e-001
  5.5826503e+002  1.5407713e-001  1.5225765e+000 -4.0738800e-001
  5.5956221e+002  1.5413634e-001  1.5228923e+000 -4.0742700e-001
  5.6086255e+002  1.5383371e-001  1.5221160e+000 -4.0755800e-001
  5.6220264e+002  1.5389950e-001  1.5226094e+000 -4.0765900e-001
  5.6349293e+002  1.5403766e-001  1.5225305e+000 -4.0771000e-001
  5.6479219e+002  1.5379424e-001  1.5220700e+000 -4.0774600e-001
  5.6612232e+002  1.5372187e-001  1.5224121e+000 -4.0774800e-001
  5.6743054e+002  1.5401134e-001  1.5222476e+000 -4.0791800e-001
  5.6875873e+002  1.5349161e-001  1.5225963e+000 -4.0798700e-001
  5.7006802e+002  1.5355740e-001  1.5223265e+000 -4.0801800e-001
  5.7140822e+002  1.5324819e-001  1.5230371e+000 -4.0811200e-001
  5.7269844e+002  1.5328108e-001  1.5224581e+000 -4.0816100e-001
  5.7400869e+002  1.5313635e-001  1.5225107e+000 -4.0820400e-001
  5.7531690e+002  1.5304425e-001  1.5230897e+000 -4.0823200e-001
  5.7666508e+002  1.5298504e-001  1.5225568e+000 -4.0804800e-001
  5.7795435e+002  1.5299161e-001  1.5229186e+000 -4.0837300e-001
  5.7925260e+002  1.5307714e-001  1.5226752e+000 -4.0839800e-001
  5.8057293e+002  1.5289951e-001  1.5226489e+000 -4.0844200e-001
  5.8189203e+002  1.5283372e-001  1.5229647e+000 -4.0851500e-001
  5.8318029e+002  1.5279425e-001  1.5225371e+000 -4.0855300e-001
  5.8447858e+002  1.5256399e-001  1.5228331e+000 -4.0855300e-001
  5.8578582e+002  1.5286004e-001  1.5228397e+000 -4.0865200e-001
  5.8709397e+002  1.5268899e-001  1.5234121e+000 -4.0869500e-001
  5.8841420e+002  1.5226794e-001  1.5228923e+000 -4.0872100e-001
  5.8975445e+002  1.5242583e-001  1.5228792e+000 -4.0878900e-001
  5.9106162e+002  1.5236004e-001  1.5229976e+000 -4.0888800e-001
  5.9236986e+002  1.5234688e-001  1.5230173e+000 -4.0887900e-001
  5.9368008e+002  1.5200478e-001  1.5236489e+000 -4.0892500e-001
  5.9499023e+002  1.5203110e-001  1.5234844e+000 -4.0893600e-001
  5.9628845e+002  1.5224820e-001  1.5232344e+000 -4.0899700e-001
  5.9759771e+002  1.5214952e-001  1.5233857e+000 -4.0908700e-001
  5.9890594e+002  1.5203110e-001  1.5230963e+000 -4.0908900e-001
  6.0020416e+002  1.5174163e-001  1.5239055e+000 -4.0915900e-001
  6.0151133e+002  1.5224820e-001  1.5236489e+000 -4.0919900e-001
  6.0281959e+002  1.5188636e-001  1.5235765e+000 -4.0921700e-001
  6.0412778e+002  1.5164952e-001  1.5241226e+000 -4.0926600e-001
  6.0542809e+002  1.5180742e-001  1.5237213e+000 -4.0935600e-001
  6.0673830e+002  1.5128768e-001  1.5245041e+000 -4.0941500e-001
  6.0804852e+002  1.5168242e-001  1.5236160e+000 -4.0945400e-001
  6.0935678e+002  1.5176136e-001  1.5233594e+000 -4.0953000e-001
  6.1067490e+002  1.5143900e-001  1.5240370e+000 -4.0960100e-001
  6.1200519e+002  1.5111663e-001  1.5246949e+000 -4.0963200e-001
  6.1330434e+002  1.5126137e-001  1.5238792e+000 -4.0963500e-001
  6.1460260e+002  1.5111005e-001  1.5240765e+000 -4.0976300e-001
  6.1593292e+002  1.5127453e-001  1.5237278e+000 -4.0982200e-001
  6.1727009e+002  1.5086006e-001  1.5244647e+000 -4.0987800e-001
  6.1857823e+002  1.5111663e-001  1.5239844e+000 -4.0989500e-001
  6.1988854e+002  1.5082058e-001  1.5246028e+000 -4.0997800e-001
  6.2121672e+002  1.5125479e-001  1.5241620e+000 -4.0991700e-001
  6.2252396e+002  1.5091269e-001  1.5246094e+000 -4.1010900e-001
  6.2382222e+002  1.5061664e-001  1.5246884e+000 -4.1006700e-001
  6.2513040e+002  1.5062980e-001  1.5245568e+000 -4.1018900e-001
  6.2642861e+002  1.5055085e-001  1.5243331e+000 -4.1022700e-001
  6.2773694e+002  1.5020217e-001  1.5248989e+000 -4.0995900e-001
  6.2904407e+002  1.5024164e-001  1.5249186e+000 -4.1033900e-001
  6.3036382e+002  1.5049822e-001  1.5241423e+000 -4.0801600e-001
  6.3168262e+002  1.5022191e-001  1.5242673e+000 -4.1028900e-001
  6.3297982e+002  1.5026138e-001  1.5245436e+000 -4.1044600e-001
  6.3429007e+002  1.5022191e-001  1.5240897e+000 -4.1052400e-001
  6.3561830e+002  1.5018901e-001  1.5242081e+000 -4.1065400e-001
  6.3695853e+002  1.4996533e-001  1.5239844e+000 -4.1072700e-001
  6.3826573e+002  1.4968244e-001  1.5244647e+000 -4.1080000e-001
  6.3958402e+002  1.5026138e-001  1.5240239e+000 -4.1080700e-001
  6.4090523e+002  1.4967586e-001  1.5249515e+000 -4.1088700e-001
  6.4221353e+002  1.4989954e-001  1.5240897e+000 -4.1094800e-001
  6.4352073e+002  1.4973507e-001  1.5249449e+000 -4.1096100e-001
  6.4481896e+002  1.4987322e-001  1.5245568e+000 -4.1098600e-001
  6.4612716e+002  1.4943902e-001  1.5248265e+000 -4.1103700e-001
  6.4742445e+002  1.4978112e-001  1.5243134e+000 -4.1111900e-001
  6.4873270e+002  1.4936665e-001  1.5252673e+000 -4.1117500e-001
  6.5005291e+002  1.4894560e-001  1.5244318e+000 -4.1119300e-001
  6.5137114e+002  1.4894560e-001  1.5244120e+000 -4.1117100e-001
  6.5268031e+002  1.4920218e-001  1.5246028e+000 -4.1133300e-001
  6.5402058e+002  1.4927455e-001  1.5242015e+000 -4.1138300e-001
  6.5532885e+002  1.4909034e-001  1.5246555e+000 -4.1137400e-001
  6.5665907e+002  1.4919560e-001  1.5248594e+000 -4.1145400e-001
  6.5796720e+002  1.4878113e-001  1.5251226e+000 -4.1148200e-001
  6.5931538e+002  1.4887981e-001  1.5243265e+000 -4.1157900e-001
  6.6063469e+002  1.4914297e-001  1.5250239e+000 -4.1164300e-001
  6.6193293e+002  1.4899823e-001  1.5247739e+000 -4.1167400e-001
  6.6324118e+002  1.4896534e-001  1.5243199e+000 -4.1165600e-001
  6.6456839e+002  1.4805745e-001  1.5250962e+000 -4.1176800e-001
  6.6588664e+002  1.4886666e-001  1.5248791e+000 -4.1182900e-001
  6.6718684e+002  1.4878771e-001  1.5244515e+000 -4.1191700e-001
  6.6849705e+002  1.4921534e-001  1.5242410e+000 -4.1191600e-001
  6.6980742e+002  1.4822193e-001  1.5247213e+000 -4.1195100e-001
  6.7110553e+002  1.4879429e-001  1.5248331e+000 -4.1201400e-001
  6.7242578e+002  1.4886666e-001  1.5250634e+000 -4.1202500e-001
  6.7372505e+002  1.4817587e-001  1.5247344e+000 -4.1210700e-001
  6.7504322e+002  1.4869560e-001  1.5242344e+000 -4.1219400e-001
  6.7636148e+002  1.4816272e-001  1.5246094e+000 -4.1219200e-001
  6.7766975e+002  1.4847850e-001  1.5244055e+000 -4.1229700e-001
  6.7896796e+002  1.4811008e-001  1.5244713e+000 -4.1234900e-001
  6.8027521e+002  1.4801798e-001  1.5252541e+000 -4.1239200e-001
  6.8157350e+002  1.4764298e-001  1.5249712e+000 -4.1247300e-001
  6.8288177e+002  1.4795877e-001  1.5246686e+000 -4.1250300e-001
  6.8419106e+002  1.4812324e-001  1.5242607e+000 -4.1257100e-001
  6.8548925e+002  1.4799824e-001  1.5250436e+000 -4.1259600e-001
  6.8679761e+002  1.4800482e-001  1.5248528e+000 -4.1265900e-001
  6.8817572e+002  1.4751799e-001  1.5246357e+000 -4.1265300e-001
  6.8949297e+002  1.4757062e-001  1.5250370e+000 -4.1279500e-001
  6.9079124e+002  1.4713641e-001  1.5246884e+000 -4.1275600e-001
  6.9210139e+002  1.4736009e-001  1.5246357e+000 -4.1288100e-001
  6.9340859e+002  1.4743904e-001  1.5250305e+000 -4.1294500e-001
  6.9471882e+002  1.4745878e-001  1.5250502e+000 -4.1296800e-001
  6.9605797e+002  1.4743904e-001  1.5246160e+000 -4.1301100e-001
  6.9737457e+002  1.4742588e-001  1.5246489e+000 -4.1309800e-001
  6.9868480e+002  1.4759693e-001  1.5245370e+000 -4.1306800e-001
  6.9999307e+002  1.4742588e-001  1.5246094e+000 -4.1310000e-001
  7.0129123e+002  1.4751799e-001  1.5245305e+000 -4.1319000e-001
  7.0259955e+002  1.4732720e-001  1.5245765e+000 -4.1317300e-001
  7.0390681e+002  1.4764956e-001  1.5252870e+000 -4.1319600e-001
  7.0520501e+002  1.4709036e-001  1.5249515e+000 -4.1328000e-001
  7.0652318e+002  1.4703115e-001  1.5251028e+000 -4.1333600e-001
  7.0784148e+002  1.4674826e-001  1.5250173e+000 -4.1337300e-001
  7.0913875e+002  1.4718246e-001  1.5248265e+000 -4.1341800e-001
  7.1047693e+002  1.4699825e-001  1.5248857e+000 -4.1348300e-001
  7.1178521e+002  1.4694562e-001  1.5246423e+000 -4.1346900e-001
  7.1311337e+002  1.4699825e-001  1.5253923e+000 -4.1360300e-001
  7.1442265e+002  1.4670878e-001  1.5253397e+000 -4.1361800e-001
  7.1575091e+002  1.4646536e-001  1.5246752e+000 -4.1366400e-001
  7.1706108e+002  1.4674168e-001  1.5246620e+000 -4.1371800e-001
  7.1838836e+002  1.4674168e-001  1.5253133e+000 -4.1372700e-001
  7.1971651e+002  1.4664957e-001  1.5251818e+000 -4.1373600e-001
  7.2102488e+002  1.4666273e-001  1.5245436e+000 -4.1380400e-001
  7.2237303e+002  1.4689957e-001  1.5249055e+000 -4.1360500e-001
  7.2369022e+002  1.4624168e-001  1.5250897e+000 -4.1380200e-001
  7.2501849e+002  1.4617589e-001  1.5252278e+000 -4.1381400e-001
  7.2634666e+002  1.4632721e-001  1.5255305e+000 -4.1395900e-001
  7.2767681e+002  1.4637984e-001  1.5246949e+000 -4.1400900e-001
  7.2899408e+002  1.4615616e-001  1.5252212e+000 -4.1404500e-001
  7.3032425e+002  1.4614958e-001  1.5248068e+000 -4.1409400e-001
  7.3166444e+002  1.4600484e-001  1.5258002e+000 -4.1414000e-001
  7.3298466e+002  1.4613642e-001  1.5253857e+000 -4.1414100e-001
  7.3428286e+002  1.4570221e-001  1.5253660e+000 -4.1418500e-001
  7.3562109e+002  1.4600484e-001  1.5256160e+000 -4.1426800e-001
  7.3694834e+002  1.4623510e-001  1.5250305e+000 -4.1424000e-001
  7.3827653e+002  1.4573511e-001  1.5252015e+000 -4.1435300e-001
  7.3960675e+002  1.4597195e-001  1.5250436e+000 -4.1439500e-001
  7.4094695e+002  1.4575485e-001  1.5256226e+000 -4.1445200e-001
  7.4227406e+002  1.4555748e-001  1.5255173e+000 -4.1446600e-001
  7.4359430e+002  1.4569564e-001  1.5256752e+000 -4.1451900e-001
  7.4491263e+002  1.4586669e-001  1.5258989e+000 -4.1456800e-001
  7.4624270e+002  1.4567590e-001  1.5252805e+000 -4.1449800e-001
  7.4757185e+002  1.4544564e-001  1.5253989e+000 -4.1462600e-001
  7.4889021e+002  1.4558379e-001  1.5251555e+000 -4.1465000e-001
  7.5020838e+002  1.4516275e-001  1.5259778e+000 -4.1477400e-001
  7.5151866e+002  1.4541932e-001  1.5250370e+000 -4.1475200e-001
  7.5284784e+002  1.4532064e-001  1.5248989e+000 -4.1484200e-001
  7.5418805e+002  1.4507722e-001  1.5257936e+000 -4.1488500e-001
  7.5551823e+002  1.4553774e-001  1.5250239e+000 -4.1485500e-001
  7.5685648e+002  1.4489959e-001  1.5257212e+000 -4.1488700e-001
  7.5818663e+002  1.4566274e-001  1.5252541e+000 -4.1491100e-001
  7.5950386e+002  1.4497196e-001  1.5256094e+000 -4.1500700e-001
  7.6083411e+002  1.4480749e-001  1.5254844e+000 -4.1503700e-001
  7.6217430e+002  1.4498512e-001  1.5256160e+000 -4.1511700e-001
  7.6348441e+002  1.4493248e-001  1.5254383e+000 -4.1518000e-001
  7.6480266e+002  1.4518906e-001  1.5254844e+000 -4.1517000e-001
  7.6614297e+002  1.4492591e-001  1.5252147e+000 -4.1521600e-001
  7.6746119e+002  1.4510354e-001  1.5253397e+000 -4.1527200e-001
  7.6877846e+002  1.4503117e-001  1.5251686e+000 -4.1521500e-001
  7.7012862e+002  1.4461012e-001  1.5257015e+000 -4.1526600e-001
  7.7145683e+002  1.4451144e-001  1.5257344e+000 -4.1531400e-001
  7.7276497e+002  1.4528774e-001  1.5254515e+000 -4.1535700e-001
  7.7408324e+002  1.4468907e-001  1.5254055e+000 -4.1539100e-001
  7.7539046e+002  1.4492591e-001  1.5251818e+000 -4.1542000e-001
  7.7672870e+002  1.4462986e-001  1.5256291e+000 -4.1547200e-001
  7.7803687e+002  1.4489959e-001  1.5256028e+000 -4.1553800e-001
  7.7935508e+002  1.4447196e-001  1.5258265e+000 -4.1555500e-001
  7.8070439e+002  1.4497196e-001  1.5255041e+000 -4.1565400e-001
  7.8202256e+002  1.4468907e-001  1.5261423e+000 -4.1567300e-001
  7.8334080e+002  1.4437328e-001  1.5257015e+000 -4.1570100e-001
  7.8467007e+002  1.4425486e-001  1.5258133e+000 -4.1575500e-001
  7.8599828e+002  1.4411012e-001  1.5259318e+000 -4.1580400e-001
  7.8733852e+002  1.4443907e-001  1.5250897e+000 -4.1582300e-001
  7.8867668e+002  1.4392592e-001  1.5263199e+000 -4.1510600e-001
  7.8998405e+002  1.4409697e-001  1.5289581e+000 -4.1494100e-001
  7.9131429e+002  1.4426802e-001  1.5283199e+000 -4.1509200e-001
  7.9262242e+002  1.4359039e-001  1.5285436e+000 -4.1516800e-001
  7.9394064e+002  1.4416933e-001  1.5278199e+000 -4.1526200e-001
  7.9527883e+002  1.4389960e-001  1.5282870e+000 -4.1528500e-001
  7.9658604e+002  1.4402460e-001  1.5281423e+000 -4.1514200e-001
  7.9793426e+002  1.4362987e-001  1.5279646e+000 -4.1538100e-001
  7.9925450e+002  1.4412986e-001  1.5277146e+000 -4.1521500e-001
  8.0057474e+002  1.4395881e-001  1.5279317e+000 -4.1539600e-001
  8.0192396e+002  1.4396539e-001  1.5276686e+000 -4.1556600e-001
  8.0325325e+002  1.4380092e-001  1.5278989e+000 -4.1563200e-001
  8.0459343e+002  1.4326803e-001  1.5278331e+000 -4.1569400e-001
  8.0592165e+002  1.4385355e-001  1.5274317e+000 -4.1572900e-001
  8.0727083e+002  1.4342592e-001  1.5282278e+000 -4.1572500e-001
  8.0859902e+002  1.4349829e-001  1.5275107e+000 -4.1582200e-001
  8.0990731e+002  1.4328119e-001  1.5277936e+000 -4.1574900e-001
  8.1122550e+002  1.4393249e-001  1.5274910e+000 -4.1588700e-001
  8.1258267e+002  1.4347197e-001  1.5278857e+000 -4.1599100e-001
  8.1389128e+002  1.4316934e-001  1.5282278e+000 -4.1600600e-001
  8.1524113e+002  1.4332724e-001  1.5274581e+000 -4.1609600e-001
  8.1655939e+002  1.4330092e-001  1.5273133e+000 -4.1612600e-001
  8.1789658e+002  1.4381408e-001  1.5272015e+000 -4.1615600e-001
  8.1920484e+002  1.4298514e-001  1.5272673e+000 -4.1618600e-001
  8.2053307e+002  1.4337987e-001  1.5272410e+000 -4.1628200e-001
  8.2186128e+002  1.4317592e-001  1.5275173e+000 -4.1630500e-001
  8.2319852e+002  1.4322855e-001  1.5278660e+000 -4.1632500e-001
  8.2451675e+002  1.4298514e-001  1.5279975e+000 -4.1637300e-001
  8.2583503e+002  1.4310356e-001  1.5278528e+000 -4.1641900e-001
  8.2715325e+002  1.4333382e-001  1.5282015e+000 -4.1645300e-001
  8.2846141e+002  1.4284698e-001  1.5274186e+000 -4.1645400e-001
  8.2978867e+002  1.4303777e-001  1.5273002e+000 -4.1650300e-001
  8.3111684e+002  1.4298514e-001  1.5275699e+000 -4.1655100e-001
  8.3244708e+002  1.4283382e-001  1.5274778e+000 -4.1657300e-001
  8.3376434e+002  1.4321540e-001  1.5274317e+000 -4.1659700e-001
  8.3509257e+002  1.4331408e-001  1.5274581e+000 -4.1667400e-001
  8.3642081e+002  1.4288645e-001  1.5279120e+000 -4.1659200e-001
  8.3774100e+002  1.4276145e-001  1.5273396e+000 -4.1665200e-001
  8.3904834e+002  1.4257067e-001  1.5279120e+000 -4.1668200e-001
  8.4037649e+002  1.4278119e-001  1.5274844e+000 -4.1663500e-001
  8.4170467e+002  1.4265619e-001  1.5281357e+000 -4.1664100e-001
  8.4303288e+002  1.4249172e-001  1.5280502e+000 -4.1676500e-001
  8.4436010e+002  1.4316277e-001  1.5273002e+000 -4.1682800e-001
  8.4571029e+002  1.4282066e-001  1.5272804e+000 -4.1683200e-001
  8.4703848e+002  1.4249830e-001  1.5270831e+000 -4.1682300e-001
  8.4836675e+002  1.4232725e-001  1.5276752e+000 -4.1680400e-001
  8.4969411e+002  1.4269567e-001  1.5274515e+000 -4.1693500e-001
  8.5101229e+002  1.4255751e-001  1.5271949e+000 -4.1694200e-001
  8.5235048e+002  1.4201146e-001  1.5277146e+000 -4.1703900e-001
  8.5368096e+002  1.4274830e-001  1.5279778e+000 -4.1706100e-001
  8.5504095e+002  1.4213646e-001  1.5283791e+000 -4.1708900e-001
  8.5640121e+002  1.4267593e-001  1.5272475e+000 -4.1712200e-001
  8.5772038e+002  1.4244567e-001  1.5278791e+000 -4.1712400e-001
  8.5905058e+002  1.4237330e-001  1.5273462e+000 -4.1707300e-001
  8.6039072e+002  1.4186015e-001  1.5277870e+000 -4.1722000e-001
  8.6171798e+002  1.4190620e-001  1.5277870e+000 -4.1726500e-001
  8.6312000e+002  1.4168910e-001  1.5278133e+000 -4.1731700e-001
  8.6451219e+002  1.4206409e-001  1.5280107e+000 -4.1719100e-001
  8.6585250e+002  1.4236672e-001  1.5276949e+000 -4.1739900e-001
  8.6718062e+002  1.4211672e-001  1.5280436e+000 -4.1740400e-001
  8.6850770e+002  1.4236672e-001  1.5278594e+000 -4.1742900e-001
  8.6982603e+002  1.4239962e-001  1.5278857e+000 -4.1737200e-001
  8.7115627e+002  1.4168252e-001  1.5281357e+000 -4.1754600e-001
  8.7249647e+002  1.4186673e-001  1.5275370e+000 -4.1758000e-001
  8.7382667e+002  1.4264961e-001  1.5269975e+000 -4.1760500e-001
  8.7515493e+002  1.4263646e-001  1.5285502e+000 -4.1764300e-001
  8.7649345e+002  1.4177462e-001  1.5277344e+000 -4.1769300e-001
  8.7783364e+002  1.4224830e-001  1.5277212e+000 -4.1771800e-001
  8.7917083e+002  1.4142594e-001  1.5278660e+000 -4.1776300e-001
  8.8050103e+002  1.4191278e-001  1.5270765e+000 -4.1781300e-001
  8.8187119e+002  1.4175489e-001  1.5274317e+000 -4.1789400e-001
  8.8319951e+002  1.4155094e-001  1.5280370e+000 -4.1791500e-001
  8.8453876e+002  1.4184699e-001  1.5271949e+000 -4.1793500e-001
  8.8586999e+002  1.4118910e-001  1.5275765e+000 -4.1794600e-001
  8.8721006e+002  1.4114305e-001  1.5273725e+000 -4.1801200e-001
  8.8854834e+002  1.4153778e-001  1.5278067e+000 -4.1807200e-001
  8.8990642e+002  1.4122200e-001  1.5276752e+000 -4.1807300e-001
  8.9129508e+002  1.4114963e-001  1.5276554e+000 -4.1815500e-001
  8.9264086e+002  1.4131410e-001  1.5274449e+000 -4.1815200e-001
  8.9398013e+002  1.4146541e-001  1.5271094e+000 -4.1815200e-001
  8.9531835e+002  1.4172199e-001  1.5271818e+000 -4.1821500e-001
  8.9664745e+002  1.4172857e-001  1.5271752e+000 -4.1824900e-001
  8.9800576e+002  1.4141936e-001  1.5273265e+000 -4.1829800e-001
  8.9934602e+002  1.4102463e-001  1.5274515e+000 -4.1830000e-001
  9.0068823e+002  1.4128121e-001  1.5272475e+000 -4.1836900e-001
  9.0202745e+002  1.4127463e-001  1.5272475e+000 -4.1840400e-001
  9.0336775e+002  1.4095884e-001  1.5271094e+000 -4.1838800e-001
  9.0474586e+002  1.4133384e-001  1.5274054e+000 -4.1848500e-001
  9.0608611e+002  1.4093253e-001  1.5276160e+000 -4.1848300e-001
  9.0742632e+002  1.4103779e-001  1.5274975e+000 -4.1847400e-001
  9.0876567e+002  1.4146541e-001  1.5271752e+000 -4.1850500e-001
  9.1009581e+002  1.4111673e-001  1.5274712e+000 -4.1853800e-001
  9.1143390e+002  1.4063648e-001  1.5281488e+000 -4.1857200e-001
  9.1277418e+002  1.4060358e-001  1.5280699e+000 -4.1863600e-001
  9.1410349e+002  1.4091279e-001  1.5278002e+000 -4.1864800e-001
  9.1547562e+002  1.4058384e-001  1.5279975e+000 -4.1865500e-001
  9.1684593e+002  1.4082726e-001  1.5281949e+000 -4.1872100e-001
  9.1820420e+002  1.4072858e-001  1.5276752e+000 -4.1860400e-001
  9.1953438e+002  1.4089963e-001  1.5273462e+000 -4.1871700e-001
  9.2087257e+002  1.4103121e-001  1.5279252e+000 -4.1871100e-001
  9.2221180e+002  1.4076805e-001  1.5275567e+000 -4.1872700e-001
  9.2353918e+002  1.4096542e-001  1.5273265e+000 -4.1872600e-001
  9.2487928e+002  1.4067595e-001  1.5272739e+000 -4.1861100e-001
  9.2620750e+002  1.4086674e-001  1.5282870e+000 -4.1843600e-001
  9.2754775e+002  1.4047200e-001  1.5293659e+000 -4.1849500e-001
  9.2888795e+002  1.4057727e-001  1.5285502e+000 -4.1849700e-001
  9.3023923e+002  1.4025490e-001  1.5291817e+000 -4.1857300e-001
  9.3161828e+002  1.4076147e-001  1.5283396e+000 -4.1865600e-001
  9.3294865e+002  1.4084700e-001  1.5286488e+000 -4.1862400e-001
  9.3430186e+002  1.4032069e-001  1.5287278e+000 -4.1866000e-001
  9.3562894e+002  1.4073516e-001  1.5280896e+000 -4.1869700e-001
  9.3697729e+002  1.4001148e-001  1.5281949e+000 -4.1875200e-001
  9.3832733e+002  1.3970227e-001  1.5286620e+000 -4.1879600e-001
  9.3967569e+002  1.4061016e-001  1.5282673e+000 -4.1882700e-001
  9.4113469e+002  1.4012332e-001  1.5287936e+000 -4.1891900e-001
  9.4246508e+002  1.4035358e-001  1.5282278e+000 -4.1892500e-001
  9.4380525e+002  1.4016280e-001  1.5287344e+000 -4.1896800e-001
  9.4514351e+002  1.3986017e-001  1.5285304e+000 -4.1897200e-001
  9.4649072e+002  1.4017595e-001  1.5284581e+000 -4.1897400e-001
  9.4789076e+002  1.4003780e-001  1.5285831e+000 -4.1904700e-001
  9.4921909e+002  1.4024832e-001  1.5285633e+000 -4.1901600e-001
  9.5058930e+002  1.4022859e-001  1.5282015e+000 -4.1907000e-001
  9.5192877e+002  1.3999175e-001  1.5281883e+000 -4.1903000e-001
  9.5325674e+002  1.4008385e-001  1.5282278e+000 -4.1907200e-001
  9.5459614e+002  1.4005096e-001  1.5279712e+000 -4.1903400e-001
  9.5592628e+002  1.4010359e-001  1.5281686e+000 -4.1904600e-001
  9.5726655e+002  1.3983385e-001  1.5285238e+000 -4.1907000e-001
  9.5862576e+002  1.3997201e-001  1.5282212e+000 -4.1911200e-001
  9.5996601e+002  1.3995885e-001  1.5281094e+000 -4.1916800e-001
  9.6135709e+002  1.3988648e-001  1.5280896e+000 -4.1922200e-001
  9.6271521e+002  1.4010359e-001  1.5283594e+000 -4.1920600e-001
  9.6405241e+002  1.3985359e-001  1.5283857e+000 -4.1923800e-001
  9.6540254e+002  1.3968912e-001  1.5287081e+000 -4.1924200e-001
  9.6675286e+002  1.3974833e-001  1.5284778e+000 -4.1928300e-001
  9.6809197e+002  1.4011017e-001  1.5284252e+000 -4.1928800e-001
  9.6945044e+002  1.3968912e-001  1.5282212e+000 -4.1934500e-001
  9.7081053e+002  1.3957070e-001  1.5289975e+000 -4.1936400e-001
  9.7218067e+002  1.4016280e-001  1.5279778e+000 -4.1936700e-001
  9.7352089e+002  1.4003122e-001  1.5282015e+000 -4.1942800e-001
  9.7485102e+002  1.3957728e-001  1.5287015e+000 -4.1939900e-001
  9.7622017e+002  1.3994569e-001  1.5282673e+000 -4.1947300e-001
  9.7757848e+002  1.3970885e-001  1.5280436e+000 -4.1955000e-001
  9.7891858e+002  1.3950491e-001  1.5283002e+000 -4.1955500e-001
  9.8027595e+002  1.3957070e-001  1.5285567e+000 -4.1960900e-001
  9.8162602e+002  1.3953122e-001  1.5287738e+000 -4.1967600e-001
  9.8297638e+002  1.3972201e-001  1.5286488e+000 -4.1974000e-001
  9.8431445e+002  1.3857729e-001  1.5288265e+000 -4.1972600e-001
  9.8567371e+002  1.3967596e-001  1.5280633e+000 -4.1977200e-001
  9.8699686e+002  1.3976148e-001  1.5281357e+000 -4.1984400e-001
  9.8832705e+002  1.3986675e-001  1.5282804e+000 -4.1981500e-001
  9.8968719e+002  1.3934702e-001  1.5284778e+000 -4.1985300e-001
  9.9102838e+002  1.3936017e-001  1.5282673e+000 -4.1991600e-001
  9.9238549e+002  1.3953122e-001  1.5287673e+000 -4.1992200e-001
  9.9372369e+002  1.3941280e-001  1.5281883e+000 -4.1989300e-001
  9.9508083e+002  1.3932070e-001  1.5289120e+000 -4.1995000e-001
  9.9641907e+002  1.3966280e-001  1.5279778e+000 -4.2000200e-001
  9.9776721e+002  1.3926807e-001  1.5284778e+000 -4.2003500e-001
  9.9913531e+002  1.3939307e-001  1.5281949e+000 -4.2008200e-001
  1.0004826e+003  1.3940622e-001  1.5283199e+000 -4.2014700e-001
  1.0018507e+003  1.3920228e-001  1.5283923e+000 -4.2011500e-001
  1.0032087e+003  1.3993254e-001  1.5285436e+000 -4.2019100e-001
  1.0045470e+003  1.3899176e-001  1.5289383e+000 -4.2018100e-001
  1.0059070e+003  1.3927465e-001  1.5281620e+000 -4.2020300e-001
  1.0072442e+003  1.3926807e-001  1.5285238e+000 -4.2025200e-001
  1.0086225e+003  1.3922860e-001  1.5286028e+000 -4.2031200e-001
  1.0099926e+003  1.3936017e-001  1.5279449e+000 -4.2032400e-001
  1.0113208e+003  1.3926807e-001  1.5280502e+000 -4.2038000e-001
  1.0126990e+003  1.3893255e-001  1.5280502e+000 -4.2039800e-001
  1.0140462e+003  1.3880755e-001  1.5285238e+000 -4.2040800e-001
  1.0153964e+003  1.3903123e-001  1.5284581e+000 -4.2043500e-001
  1.0167766e+003  1.3925491e-001  1.5283857e+000 -4.2049300e-001
  1.0181247e+003  1.3913649e-001  1.5279646e+000 -4.2051200e-001
  1.0194629e+003  1.3889307e-001  1.5280436e+000 -4.2044300e-001
  1.0208031e+003  1.3937333e-001  1.5279975e+000 -4.2053700e-001
  1.0221602e+003  1.3887991e-001  1.5282673e+000 -4.2057800e-001
  1.0235084e+003  1.3906412e-001  1.5283660e+000 -4.2060500e-001
  1.0248585e+003  1.3889307e-001  1.5283594e+000 -4.2063500e-001
  1.0262088e+003  1.3863650e-001  1.5287541e+000 -4.2068400e-001
  1.0275470e+003  1.3967596e-001  1.5284120e+000 -4.2067000e-001
  1.0288842e+003  1.3866281e-001  1.5290830e+000 -4.2074300e-001
  1.0302643e+003  1.3849834e-001  1.5282804e+000 -4.2075600e-001
  1.0316324e+003  1.3871544e-001  1.5287212e+000 -4.2080700e-001
  1.0329727e+003  1.3918912e-001  1.5285699e+000 -4.2068600e-001
  1.0343329e+003  1.3862992e-001  1.5283923e+000 -4.2078700e-001
  1.0356701e+003  1.3854439e-001  1.5280765e+000 -4.2078500e-001
  1.0370181e+003  1.3847860e-001  1.5283396e+000 -4.2083300e-001
  1.0383984e+003  1.3870886e-001  1.5289909e+000 -4.2089000e-001
  1.0397467e+003  1.3827466e-001  1.5281752e+000 -4.2090100e-001
  1.0410859e+003  1.3892597e-001  1.5279581e+000 -4.2094200e-001
  1.0424450e+003  1.3884044e-001  1.5277936e+000 -4.2094800e-001
  1.0438051e+003  1.3864965e-001  1.5282015e+000 -4.2098600e-001
  1.0451575e+003  1.3862334e-001  1.5285633e+000 -4.2104000e-001
  1.0465167e+003  1.3864307e-001  1.5283462e+000 -4.2107000e-001
  1.0479367e+003  1.3855755e-001  1.5287673e+000 -4.2110300e-001
  1.0493051e+003  1.3853781e-001  1.5283067e+000 -4.2114200e-001
  1.0506451e+003  1.3823518e-001  1.5285699e+000 -4.2115400e-001
  1.0519954e+003  1.3832729e-001  1.5285304e+000 -4.2118800e-001
  1.0533735e+003  1.3877465e-001  1.5281488e+000 -4.2123800e-001
  1.0547327e+003  1.3839966e-001  1.5284383e+000 -4.2124700e-001
  1.0560931e+003  1.3832071e-001  1.5278857e+000 -4.2130300e-001
  1.0574513e+003  1.3791940e-001  1.5290502e+000 -4.2131800e-001
  1.0587885e+003  1.3834703e-001  1.5284909e+000 -4.2133200e-001
  1.0601517e+003  1.3824834e-001  1.5281554e+000 -4.2135500e-001
  1.0614888e+003  1.3796545e-001  1.5286817e+000 -4.2136400e-001
  1.0628470e+003  1.3834045e-001  1.5289317e+000 -4.2144200e-001
  1.0642072e+003  1.3840624e-001  1.5287607e+000 -4.2144600e-001
  1.0655744e+003  1.3826150e-001  1.5290238e+000 -4.2149900e-001
  1.0669345e+003  1.3834703e-001  1.5284712e+000 -4.2149600e-001
  1.0682928e+003  1.3854439e-001  1.5282410e+000 -4.2154300e-001
  1.0696330e+003  1.3813650e-001  1.5287212e+000 -4.2153500e-001
  1.0710032e+003  1.3835360e-001  1.5281225e+000 -4.2160500e-001
  1.0723504e+003  1.3824834e-001  1.5284186e+000 -4.2162500e-001
  1.0737207e+003  1.3830755e-001  1.5280567e+000 -4.2164200e-001
  1.0751088e+003  1.3824834e-001  1.5283265e+000 -4.2171200e-001
  1.0764669e+003  1.3786019e-001  1.5290173e+000 -4.2168200e-001
  1.0778071e+003  1.3822861e-001  1.5280041e+000 -4.2168100e-001
  1.0791964e+003  1.3753124e-001  1.5289252e+000 -4.1557900e-001
  1.0805567e+003  1.3772861e-001  1.5408856e+000 -4.1787800e-001
  1.0819178e+003  1.3798519e-001  1.5399119e+000 -4.1811800e-001
  1.0832660e+003  1.3794571e-001  1.5390435e+000 -4.1830800e-001
  1.0846551e+003  1.3807729e-001  1.5384185e+000 -4.1838200e-001
  1.0860254e+003  1.3816940e-001  1.5378790e+000 -4.1859100e-001
  1.0874054e+003  1.3803782e-001  1.5380895e+000 -4.1872100e-001
  1.0887737e+003  1.3771545e-001  1.5382409e+000 -4.1878600e-001
  1.0901138e+003  1.3817597e-001  1.5372738e+000 -4.1881200e-001
  1.0914610e+003  1.3794571e-001  1.5374777e+000 -4.1890200e-001
  1.0928113e+003  1.3763651e-001  1.5374843e+000 -4.1896700e-001
  1.0941915e+003  1.3810361e-001  1.5367409e+000 -4.1904400e-001
  1.0955496e+003  1.3796545e-001  1.5367277e+000 -4.1909300e-001
  1.0968999e+003  1.3757072e-001  1.5363790e+000 -4.1887800e-001
  1.0982391e+003  1.3765624e-001  1.5370369e+000 -4.1913600e-001
  1.0996012e+003  1.3807071e-001  1.5364382e+000 -4.1925200e-001
  1.1010014e+003  1.3794571e-001  1.5359711e+000 -4.1930000e-001
  1.1024414e+003  1.3818913e-001  1.5358527e+000 -4.1941700e-001
  1.1037988e+003  1.3751809e-001  1.5365896e+000 -4.1942500e-001
  1.1051489e+003  1.3782729e-001  1.5355764e+000 -4.1944800e-001
  1.1065092e+003  1.3810361e-001  1.5362343e+000 -4.1952700e-001
  1.1078794e+003  1.3816282e-001  1.5357738e+000 -4.1960100e-001
  1.1092695e+003  1.3774177e-001  1.5357804e+000 -4.1958600e-001
  1.1106267e+003  1.3737993e-001  1.5363396e+000 -4.1965100e-001
  1.1119670e+003  1.3768914e-001  1.5355830e+000 -4.1972000e-001
  1.1133172e+003  1.3774835e-001  1.5355106e+000 -4.1971100e-001
  1.1146973e+003  1.3805755e-001  1.5350633e+000 -4.1981000e-001
  1.1160531e+003  1.3780756e-001  1.5352935e+000 -4.1985000e-001
  1.1174447e+003  1.3765624e-001  1.5353527e+000 -4.1992100e-001
  1.1188148e+003  1.3688651e-001  1.5359448e+000 -4.1996300e-001
  1.1201631e+003  1.3774177e-001  1.5358330e+000 -4.2000900e-001
  1.1215302e+003  1.3728783e-001  1.5356882e+000 -4.2007300e-001
  1.1228905e+003  1.3751809e-001  1.5355830e+000 -4.2012800e-001
  1.1242986e+003  1.3783387e-001  1.5351883e+000 -4.2020100e-001
  1.1256688e+003  1.3727467e-001  1.5354580e+000 -4.2023600e-001
  1.1270278e+003  1.3747203e-001  1.5352014e+000 -4.2028900e-001
  1.1283962e+003  1.3736677e-001  1.5351619e+000 -4.2027500e-001
  1.1297843e+003  1.3748519e-001  1.5350040e+000 -4.2035800e-001
  1.1311725e+003  1.3742598e-001  1.5348856e+000 -4.2039000e-001
  1.1325307e+003  1.3755098e-001  1.5351948e+000 -4.2046900e-001
  1.1339188e+003  1.3732072e-001  1.5354185e+000 -4.2048800e-001
  1.1352780e+003  1.3716941e-001  1.5357146e+000 -4.2048200e-001
  1.1366462e+003  1.3739309e-001  1.5348133e+000 -4.2057700e-001
  1.1380064e+003  1.3743256e-001  1.5351290e+000 -4.2054600e-001
  1.1393945e+003  1.3746546e-001  1.5347409e+000 -4.2064600e-001
  1.1407647e+003  1.3747203e-001  1.5352146e+000 -4.2065200e-001
  1.1421239e+003  1.3735361e-001  1.5349448e+000 -4.2072800e-001
  1.1434820e+003  1.3718914e-001  1.5349383e+000 -4.2075100e-001
  1.1448402e+003  1.3744572e-001  1.5351883e+000 -4.2076300e-001
  1.1462005e+003  1.3716941e-001  1.5348527e+000 -4.2083000e-001
  1.1476207e+003  1.3759703e-001  1.5347277e+000 -4.2092000e-001
  1.1489879e+003  1.3723519e-001  1.5351225e+000 -4.2098100e-001
  1.1503460e+003  1.3712335e-001  1.5345698e+000 -4.2094700e-001
  1.1517162e+003  1.3682730e-001  1.5354185e+000 -4.2105000e-001
  1.1530764e+003  1.3752467e-001  1.5350304e+000 -4.2106900e-001
  1.1544646e+003  1.3708388e-001  1.5352277e+000 -4.2107700e-001
  1.1558227e+003  1.3725493e-001  1.5349448e+000 -4.2116700e-001
  1.1571798e+003  1.3732730e-001  1.5353461e+000 -4.2117300e-001
  1.1585481e+003  1.3693914e-001  1.5353396e+000 -4.2118800e-001
  1.1599082e+003  1.3699835e-001  1.5346488e+000 -4.2127400e-001
  1.1612865e+003  1.3727467e-001  1.5352869e+000 -4.2132700e-001
  1.1626836e+003  1.3686678e-001  1.5347672e+000 -4.2138800e-001
  1.1640439e+003  1.3720230e-001  1.5344054e+000 -4.2138500e-001
  1.1654140e+003  1.3693257e-001  1.5346422e+000 -4.2143800e-001
  1.1667723e+003  1.3673520e-001  1.5348198e+000 -4.2146800e-001
  1.1681294e+003  1.3695888e-001  1.5344251e+000 -4.2147400e-001
  1.1695007e+003  1.3698520e-001  1.5344119e+000 -4.2128900e-001
  1.1708599e+003  1.3709046e-001  1.5343396e+000 -4.2159500e-001
  1.1722280e+003  1.3689309e-001  1.5344383e+000 -4.2165800e-001
  1.1735882e+003  1.3684046e-001  1.5349975e+000 -4.2171700e-001
  1.1749453e+003  1.3706414e-001  1.5348725e+000 -4.2175800e-001
  1.1763057e+003  1.3682730e-001  1.5344054e+000 -4.2171000e-001
  1.1776838e+003  1.3712335e-001  1.5345172e+000 -4.2188300e-001
  1.1790521e+003  1.3662994e-001  1.5345435e+000 -4.2191000e-001
  1.1804122e+003  1.3695230e-001  1.5348527e+000 -4.2194700e-001
  1.1817915e+003  1.3666941e-001  1.5341225e+000 -4.2195400e-001
  1.1831516e+003  1.3642599e-001  1.5346422e+000 -4.2203900e-001
  1.1845218e+003  1.3700493e-001  1.5346290e+000 -4.2210200e-001
  1.1858802e+003  1.3691283e-001  1.5342606e+000 -4.2212800e-001
  1.1872392e+003  1.3675494e-001  1.5342212e+000 -4.2213300e-001
  1.1885974e+003  1.3657073e-001  1.5348198e+000 -4.2219700e-001
  1.1899575e+003  1.3654441e-001  1.5344514e+000 -4.2222500e-001
  1.1913458e+003  1.3619573e-001  1.5342277e+000 -4.2223200e-001
  1.1927359e+003  1.3622205e-001  1.5343856e+000 -4.2237500e-001
  1.1941040e+003  1.3718914e-001  1.5345633e+000 -4.2238600e-001
  1.1954733e+003  1.3609705e-001  1.5347146e+000 -4.2237200e-001
  1.1968335e+003  1.3636020e-001  1.5342804e+000 -4.2245200e-001
  1.1981915e+003  1.3652468e-001  1.5346093e+000 -4.2253800e-001
  1.1995698e+003  1.3643915e-001  1.5346554e+000 -4.2254700e-001
  1.2009680e+003  1.3548521e-001  1.5350633e+000 -4.2259500e-001
  1.2023752e+003  1.3695888e-001  1.5345040e+000 -4.2264200e-001
  1.2038033e+003  1.3640626e-001  1.5346027e+000 -4.2268300e-001
  1.2051635e+003  1.3620231e-001  1.5347606e+000 -4.2273000e-001
  1.2065327e+003  1.3653783e-001  1.5345764e+000 -4.2274200e-001
  1.2078928e+003  1.3677467e-001  1.5341291e+000 -4.2283300e-001
  1.2092522e+003  1.3560363e-001  1.5350896e+000 -4.2283000e-001
  1.2106204e+003  1.3646547e-001  1.5339383e+000 -4.2280800e-001
  1.2120086e+003  1.3609047e-001  1.5347146e+000 -4.2293800e-001
  1.2133677e+003  1.3640626e-001  1.5342080e+000 -4.2289700e-001
  1.2147280e+003  1.3605100e-001  1.5349646e+000 -4.2298900e-001
  1.2160963e+003  1.3652468e-001  1.5345172e+000 -4.2305400e-001
  1.2174543e+003  1.3622863e-001  1.5346356e+000 -4.2312200e-001
  1.2188444e+003  1.3649836e-001  1.5340435e+000 -4.2316700e-001
  1.2202137e+003  1.3600494e-001  1.5345633e+000 -4.2324100e-001
  1.2215718e+003  1.3640626e-001  1.5343264e+000 -4.2297800e-001
  1.2229322e+003  1.3614968e-001  1.5342475e+000 -4.2329400e-001
  1.2243203e+003  1.3595231e-001  1.5342606e+000 -4.2333300e-001
  1.2257085e+003  1.3639968e-001  1.5342475e+000 -4.2338900e-001
  1.2271557e+003  1.3648520e-001  1.5352935e+000 -4.2345500e-001
  1.2285158e+003  1.3621547e-001  1.5342869e+000 -4.2114500e-001
  1.2298741e+003  1.3713651e-001  1.5640564e+000 -4.1485700e-001
  1.2312433e+003  1.3730756e-001  1.5576814e+000 -4.1573000e-001
  1.2326015e+003  1.3735361e-001  1.5567012e+000 -4.1584900e-001
  1.2339597e+003  1.3757072e-001  1.5571617e+000 -4.1596000e-001
  1.2353179e+003  1.3668915e-001  1.5577275e+000 -4.1588000e-001
  1.2367054e+003  1.3728125e-001  1.5568591e+000 -4.1622200e-001
  1.2380637e+003  1.3701809e-001  1.5558788e+000 -4.1645600e-001
  1.2394338e+003  1.3704441e-001  1.5551552e+000 -4.1665700e-001
  1.2407921e+003  1.3693257e-001  1.5549644e+000 -4.1681200e-001
  1.2421723e+003  1.3650494e-001  1.5547867e+000 -4.1694800e-001
  1.2435515e+003  1.3681415e-001  1.5547933e+000 -4.1702400e-001
  1.2449298e+003  1.3651810e-001  1.5552538e+000 -4.1715600e-001
  1.2463000e+003  1.3687993e-001  1.5552341e+000 -4.1716400e-001
  1.2477171e+003  1.3673520e-001  1.5550038e+000 -4.1724200e-001
  1.2490903e+003  1.3672862e-001  1.5543394e+000 -4.1715400e-001
  1.2504775e+003  1.3716941e-001  1.5540960e+000 -4.1739800e-001
  1.2518386e+003  1.3676809e-001  1.5542012e+000 -4.1747800e-001
  1.2532069e+003  1.3657073e-001  1.5538920e+000 -4.1758100e-001
  1.2546169e+003  1.3647204e-001  1.5538789e+000 -4.1766500e-001
  1.2559841e+003  1.3695230e-001  1.5541420e+000 -4.1770300e-001
  1.2573923e+003  1.3648520e-001  1.5540499e+000 -4.1774000e-001
  1.2587654e+003  1.3707730e-001  1.5538196e+000 -4.1779200e-001
  1.2601436e+003  1.3654441e-001  1.5534644e+000 -4.1786200e-001
  1.2615238e+003  1.3641283e-001  1.5540433e+000 -4.1794100e-001
  1.2628949e+003  1.3681415e-001  1.5535368e+000 -4.1795900e-001
  1.2642571e+003  1.3640626e-001  1.5541354e+000 -4.1800200e-001
  1.2656273e+003  1.3638652e-001  1.5538591e+000 -4.1809800e-001
  1.2669855e+003  1.3661020e-001  1.5535236e+000 -4.1817500e-001
  1.2683547e+003  1.3634705e-001  1.5537407e+000 -4.1825300e-001
  1.2697129e+003  1.3650494e-001  1.5532341e+000 -4.1832800e-001
  1.2710711e+003  1.3627468e-001  1.5534052e+000 -4.1838400e-001
  1.2724292e+003  1.3627468e-001  1.5527407e+000 -4.1848900e-001
  1.2737874e+003  1.3655757e-001  1.5527473e+000 -4.1863000e-001
  1.2751887e+003  1.3629441e-001  1.5525170e+000 -4.1874600e-001
  1.2765489e+003  1.3680099e-001  1.5519907e+000 -4.1884600e-001
  1.2779371e+003  1.3620889e-001  1.5521618e+000 -4.1897200e-001
  1.2793051e+003  1.3641941e-001  1.5516552e+000 -4.1907300e-001
  1.2806644e+003  1.3624178e-001  1.5520631e+000 -4.1917900e-001
  1.2820228e+003  1.3645889e-001  1.5513657e+000 -4.1931100e-001
  1.2833948e+003  1.3634047e-001  1.5513789e+000 -4.1939500e-001
  1.2847631e+003  1.3647862e-001  1.5510763e+000 -4.1954100e-001
  1.2861432e+003  1.3624836e-001  1.5509776e+000 -4.1964200e-001
  1.2875313e+003  1.3641941e-001  1.5510631e+000 -4.1977900e-001
  1.2889006e+003  1.3670888e-001  1.5502539e+000 -4.1986600e-001
  1.2902587e+003  1.3627468e-001  1.5510434e+000 -4.1996900e-001
  1.2916289e+003  1.3624836e-001  1.5504052e+000 -4.2005200e-001
  1.2929890e+003  1.3614310e-001  1.5506947e+000 -4.2018900e-001
  1.2943583e+003  1.3597205e-001  1.5501486e+000 -4.2033700e-001
  1.2957185e+003  1.3641283e-001  1.5495763e+000 -4.2032300e-001
  1.2970767e+003  1.3618915e-001  1.5494118e+000 -4.2039500e-001
  1.2984349e+003  1.3622863e-001  1.5495171e+000 -4.2048700e-001
  1.2998131e+003  1.3648520e-001  1.5490368e+000 -4.2050600e-001
  1.3011932e+003  1.3645231e-001  1.5488657e+000 -4.2056300e-001
  1.3025704e+003  1.3651152e-001  1.5488855e+000 -4.2065100e-001
  1.3039386e+003  1.3626810e-001  1.5486618e+000 -4.2078800e-001
  1.3052989e+003  1.3617599e-001  1.5486289e+000 -4.2085800e-001
  1.3066891e+003  1.3595889e-001  1.5488855e+000 -4.2103700e-001
  1.3080582e+003  1.3603126e-001  1.5490894e+000 -4.2102000e-001
  1.3094166e+003  1.3596547e-001  1.5487605e+000 -4.2113700e-001
  1.3107868e+003  1.3628126e-001  1.5487539e+000 -4.2125600e-001
  1.3121549e+003  1.3628126e-001  1.5483526e+000 -4.2133800e-001
  1.3135650e+003  1.3633389e-001  1.5486947e+000 -4.2139700e-001
  1.3149441e+003  1.3638652e-001  1.5482802e+000 -4.2151900e-001
