115.3760  112.3520  109.5900  106.6430  104.7200  100.9890   98.3860
  115.4110  112.3010  109.5320  106.5920  104.6590  100.9420   98.3730
  115.4680  112.3090  109.4850  106.5100  104.5930  100.8900   98.3340
  115.5360  112.3090  109.4240  106.4530  104.5360  100.8330   98.2930
  115.5860  112.2980  109.3970  106.3810  104.4800  100.8020   98.2770
  115.6560  112.2900  109.3570  106.3430  104.4130  100.7550   98.2360
  115.7140  112.3170  109.3380  106.2960  104.3700  100.7140   98.2090
  115.7730  112.3170  109.3090  106.2610  104.3140  100.6720   98.1820
  115.8120  112.3360  109.2910  106.2030  104.2630  100.6330   98.1430
  115.8200  112.3440  109.2790  106.1750  104.2160  100.5820   98.1040
  115.8010  112.3390  109.2600  106.1340  104.1810  100.5410   98.0940
  115.7950  112.3170  109.2440  106.1110  104.1360  100.4980   98.0390
  115.7460  112.3170  109.2130  106.0750  104.1030  100.4550   98.0120
  115.6780  112.2790  109.1930  106.0480  104.0620  100.4030   97.9870
  115.5960  112.2460  109.1540  106.0110  104.0310  100.3750   97.9320
  115.4820  112.1920  109.1090  105.9700  103.9860  100.3400   97.9050
  115.3620  112.1020  109.0780  105.9310  103.9450  100.2900   97.8720
  115.2230  112.0280  109.0330  105.8970  103.9000  100.2680   97.8480
  115.0840  111.9600  108.9740  105.8580  103.8720  100.2100   97.8040
  114.9020  111.8620  108.9210  105.8170  103.8260  100.1750   97.7630
  114.7580  111.7860  108.9100  105.7570  103.8410  100.1570   97.7280
  114.5830  111.6410  108.7840  105.7690  103.7610  100.1080   97.6790
  114.3900  111.5270  108.7630  105.7060  103.7490  100.0580   97.6400
  114.1970  111.4240  108.6770  105.5990  103.6950  100.0300   97.6240
  114.0090  111.2660  108.5360  105.6100  103.6320  100.0010   97.5800
  113.7960  111.1160  108.5090  105.4970  103.6110   99.9490   97.5520
  113.5970  110.9860  108.3720  105.4600  103.5050   99.9100   97.5170
  113.4260  110.8750  108.2970  105.3530  103.5190   99.8750   97.4720
  113.2410  110.7230  108.1530  105.3350  103.4330   99.8570   97.4390
  113.0880  110.5830  108.0530  105.2730  103.3550   99.8100   97.4200
  112.9490  110.4770  107.9530  105.1870  103.2890   99.7600   97.3670
  112.8480  110.3120  107.8960  105.0930  103.2790   99.6970   97.3380
  112.7340  110.2180  107.7990  104.9880  103.1890   99.6520   97.2910
  112.6440  110.1310  107.6500  104.9490  103.1070   99.6210   97.2760
  112.6000  110.0470  107.5950  104.8350  103.0800   99.5800   97.2170
  112.5620  109.9720  107.4990  104.7360  103.0190   99.5320   97.1900
  112.5350  109.8770  107.3720  104.7240  102.9330   99.4910   97.1450
  112.5350  109.8090  107.3430  104.6560  102.8420   99.4280   97.1040
  112.5130  109.7530  107.2800  104.5440  102.8040   99.3780   97.0610
  112.5300  109.7310  107.2200  104.4660  102.7500   99.3230   97.0300
  112.5810  109.7120  107.1080  104.3960  102.6420   99.2980   96.9810
  112.6090  109.6850  107.0420  104.3340  102.5860   99.2430   96.9290
  112.6900  109.6710  107.0100  104.2670  102.5250   99.1770   96.9050
  112.7500  109.6850  106.9630  104.2200  102.4630   99.1280   96.8450
  112.8070  109.6770  106.9380  104.1640  102.4180   99.0780   96.7860
  112.9060  109.7040  106.8970  104.1070  102.3650   99.0270   96.7510
  112.9680  109.7070  106.8750  104.0640  102.3120   98.9820   96.6930
  112.9870  109.7340  106.8710  104.0230  102.2620   98.9510   96.6620
  113.0500  109.7630  106.8520  103.9840  102.2170   98.8830   96.5990
  113.0550  109.7550  106.8320  103.9550  102.1620   98.8400   96.5550
  113.0420  109.7550  106.8090  103.9410  102.1210   98.7950   96.5180
  113.0040  109.7340  106.8030  103.8860  102.0820   98.7460   96.4770
  112.9630  109.7310  106.7930  103.8590  102.0430   98.6900   96.4420
  112.9060  109.7230  106.7540  103.8240  101.9940   98.6510   96.3850
  112.8430  109.6770  106.7420  103.8140  101.9690   98.6080   96.3520
  112.7200  109.6310  106.7070  103.7630  101.9320   98.5810   96.2970
  112.6200  109.5660  106.6800  103.7360  101.8870   98.5420   96.2600
  112.4940  109.5090  106.6290  103.7050  101.8590   98.5050   96.2210
  112.3550  109.4230  106.5840  103.6780  101.8220   98.4540   96.1920
  112.2110  109.3390  106.5310  103.6290  101.7910   98.4130   96.1510
  112.0720  109.2230  106.5390  103.5860  101.7950   98.3530   96.1050
  111.8760  109.1660  106.4330  103.5740  101.6950   98.3370   96.0810
  111.7180  109.0410  106.3490  103.5250  101.6760   98.3100   96.0250
  111.5520  108.9280  106.3140  103.4390  101.6580   98.2260   95.9730
  111.3530  108.7930  106.2040  103.4200  101.5550   98.2030   95.9510
  111.1920  108.6900  106.1460  103.3070  101.5840   98.1750   95.9160
  111.0190  108.5330  106.0770  103.2770  101.5260   98.1170   95.8730
  110.8350  108.4250  105.9400  103.2420  101.4180   98.0990   95.8600
  110.7100  108.3060  105.8860  103.1350  101.4380   98.0800   95.8070
  110.5830  108.1950  105.7280  103.1230  101.3260   98.0430   95.7680
  110.4510  108.0490  105.7100  103.0270  101.2870   97.9630   95.7370
  110.3640  107.9890  105.6050  102.9450  101.2460   97.9240   95.7100
  110.2860  107.8600  105.5010  102.9080  101.2130   97.8990   95.6670
  110.2340  107.7760  105.4350  102.8240  101.1450   97.8270   95.6090
  110.1500  107.7110  105.3720  102.7380  101.0610   97.8150   95.6110
  110.1830  107.6030  105.2750  102.6780  101.0260   97.7290   95.5490
  110.1560  107.5890  105.1930  102.5630  100.9620   97.7270   95.5410
  110.1860  107.4840  105.1320  102.5280  100.8930   97.6490   95.4710
  110.1610  107.4970  105.0790  102.4630  100.8290   97.6200   95.4420
  110.2340  107.4540  104.9720  102.4380  100.7690   97.5710   95.3790
  110.2780  107.4240  104.9040  102.3260  100.6650   97.5150   95.3620
  110.3240  107.4240  104.8650  102.2660  100.6110   97.4660   95.3050
  110.3690  107.4130  104.8180  102.2110  100.5540   97.4170   95.2530
  110.4530  107.4220  104.7860  102.1570  100.5080   97.3690   95.2350
  110.5320  107.4430  104.7670  102.1120  100.4490   97.3120   95.1750
  110.5990  107.4650  104.7240  102.0670  100.4020   97.2600   95.1460
  110.6640  107.4680  104.7260  102.0160  100.3480   97.2260   95.0860
  110.7450  107.5080  104.7100  101.9810  100.3070   97.1700   95.0370
  110.7720  107.5240  104.7100  101.9360  100.2540   97.1230   94.9960
  110.8080  107.5620  104.7010  101.9320  100.2230   97.0780   94.9380
  110.7990  107.5620  104.6790  101.8990  100.1740   97.0260   94.9030
  110.7860  107.5760  104.6950  101.8680  100.1530   97.0020   94.8480
  110.7780  107.5590  104.6690  101.8540  100.1060   96.9440   94.8250
  110.7340  107.5410  104.6740  101.8350  100.0700   96.9150   94.7930
  110.6690  107.5330  104.6660  101.8140  100.0540   96.8820   94.7380
  110.5700  107.4790  104.6260  101.7720  100.0030   96.8190   94.7220
  110.4830  107.4380  104.5990  101.7560   99.9740   96.7820   94.6600
  110.3510  107.3620  104.5700  101.7250   99.9500   96.7530   94.6150
  110.2320  107.3140  104.5360  101.6880   99.9130   96.7180   94.5880
  110.0910  107.2350  104.4780  101.6640   99.8760   96.6650   94.5470
  109.9450  107.1540  104.4780  101.6370   99.8980   96.6380   94.5080
  109.8150  107.0590  104.3630  101.6290   99.8370   96.6130   94.4560
  109.6240  106.9510  104.3100  101.5840   99.7710   96.5500   94.4330
  109.4430  106.8390  104.2780  101.4730   99.7900   96.5330   94.3860
  109.2750  106.7190  104.2040  101.4440   99.7480   96.4720   94.3430
  109.0960  106.6430  104.1230  101.4170   99.6580   96.4390   94.3120
  108.9370  106.4860  103.9860  101.3750   99.6250   96.4290   94.2650
  108.7690  106.3470  103.9790  101.2790   99.5930   96.3500   94.2260
  108.6130  106.2530  103.8760  101.1910   99.5560   96.3260   94.1970
  108.5070  106.1310  103.7330  101.1950   99.4670   96.2950   94.1390
  108.3550  106.0180  103.7060  101.1140   99.4380   96.2270   94.1000
  108.2750  105.9340  103.6180  101.0060   99.4000   96.2050   94.0750
  108.1860  105.8140  103.4490  100.9840   99.2970   96.1900   94.0220
  108.1080  105.7140  103.4510  100.8940   99.2710   96.1140   93.9950
  108.0670  105.6760  103.3460  100.8160   99.1990   96.0910   93.9580
  108.0670  105.6040  103.2200  100.7890   99.1370   96.0520   93.8960
  108.0660  105.5210  103.2260  100.6830   99.1160   95.9780   93.8610
  108.0470  105.5040  103.1500  100.6440   99.0050   95.9600   93.8360
  108.0960  105.4770  103.0730  100.6080   98.9680   95.9180   93.7850
  108.1260  105.4230  103.0460  100.5360   98.9390   95.8420   93.7230
  108.1800  105.4340  102.9500  100.4350   98.8350   95.8150   93.6900
  108.2050  105.4270  102.9120  100.3840   98.7820   95.7640   93.6570
  108.2840  105.4270  102.8710  100.3410   98.7260   95.7230   93.6100
  108.3970  105.4610  102.8560  100.2980   98.6910   95.6820   93.5670
  108.4750  105.4900  102.8450  100.2670   98.6330   95.6200   93.5320
  108.5440  105.4700  102.8080  100.2080   98.6030   95.5730   93.4860
  108.6220  105.5290  102.8140  100.1690   98.5560   95.5130   93.4390
  108.6980  105.5520  102.8070  100.1540   98.5020   95.4720   93.4020
  108.7300  105.5750  102.7950  100.1130   98.4760   95.4350   93.3610
  108.7690  105.6000  102.7880  100.0790   98.4200   95.3960   93.3070
  108.7690  105.6190  102.7770  100.0710   98.3960   95.3380   93.2660
  108.7790  105.6190  102.7920  100.0420   98.3530   95.3070   93.2140
  108.7550  105.6350  102.7860  100.0250   98.3260   95.2580   93.1980
  108.7170  105.6180  102.7750  100.0050   98.2890   95.2120   93.1440
  108.6520  105.5840  102.7580   99.9900   98.2740   95.1770   93.1010
  108.5710  105.5750  102.7460   99.9550   98.2310   95.1360   93.0520
  108.4660  105.5270  102.7120   99.9100   98.2090   95.1030   93.0250
  108.3780  105.4640  102.7130   99.9030   98.1950   95.0610   92.9830
  108.2670  105.4000  102.6820   99.8820   98.1610   95.0220   92.9480
  108.1140  105.3020  102.6200   99.8470   98.1290   94.9630   92.9080
  107.9920  105.2370  102.6070   99.8200   98.1290   94.9490   92.8600
  107.8190  105.1690  102.5330   99.8160   98.0650   94.9020   92.8440
  107.6760  105.0860  102.5230   99.7330   98.0770   94.8790   92.8090
  107.5220  104.9620  102.3800   99.7420   97.9950   94.8810   92.7510
  107.3440  104.8580  102.3940   99.6500   97.9890   94.7940   92.7140
  107.1920  104.7680  102.2690   99.6250   97.9070   94.7800   92.7080
  107.0550  104.6470  102.2220   99.5330   97.9170   94.7450   92.6930
  106.9050  104.5290  102.0910   99.5340   97.8430   94.7220   92.6130
  106.7620  104.4040  102.0890   99.4440   97.8270   94.6400   92.5910
  106.6400  104.3040  101.9470   99.4170   97.7260   94.6420   92.5580
  106.5810  104.2170  101.9220   99.3470   97.7260   94.5950   92.5350
  106.4760  104.1190  101.8250   99.2510   97.6850   94.5640   92.5020
  106.4080  104.0270  101.6950   99.2510   97.5800   94.5410   92.4530
  106.3490  103.9650  101.6810   99.1470   97.5700   94.4770   92.4110
  106.3190  103.8850  101.5840   99.1090   97.4900   94.4180   92.3850
  106.3190  103.8310  101.5520   99.0520   97.4610   94.4140   92.3500
  106.3350  103.7870  101.4470   98.9900   97.4280   94.3750   92.3020
  106.3410  103.7220  101.3980   98.9470   97.3280   94.3270   92.2570
  106.3780  103.7030  101.3760   98.8530   97.2990   94.2720   92.2280
  106.4080  103.7220  101.2850   98.8140   97.2000   94.2550   92.1990
  106.5080  103.7030  101.2380   98.7260   97.1570   94.1830   92.1600
  106.5730  103.7110  101.1910   98.6800   97.1140   94.1420   92.1290
  106.6810  103.7330  101.1770   98.6410   97.0520   94.0950   92.0740
  106.7760  103.7520  101.1620   98.5900   97.0130   94.0600   92.0530
  106.8920  103.7840  101.1540   98.5470   96.9720   94.0140   92.0020
  107.0030  103.8160  101.1360   98.5140   96.9350   93.9830   91.9630
  107.0950  103.8540  101.1340   98.4830   96.8960   93.9400   91.9230
  107.1870  103.9220  101.1360   98.4690   96.8550   93.8870   91.8930
  107.2410  103.9520  101.1400   98.4610   96.8140   93.8430   91.8470
  107.2980  103.9840  101.1600   98.4380   96.7870   93.8060   91.8190
  107.3650  104.0360  101.1740   98.4250   96.7620   93.7830   91.7870
  107.3540  104.0500  101.1760   98.4180   96.7390   93.7440   91.7400
  107.3470  104.0520  101.1810   98.3870   96.7220   93.6850   91.6990
  107.3060  104.0810  101.1770   98.3820   96.6870   93.6580   91.6790
  107.2760  104.0540  101.1910   98.3760   96.6810   93.6190   91.6330
  107.2030  104.0190  101.1770   98.3330   96.6440   93.5780   91.5920
  107.1380  103.9980  101.1520   98.3250   96.6170   93.5490   91.5550
  107.0250  103.9650  101.1320   98.3110   96.5960   93.5260   91.5260
  106.9290  103.9120  101.1140   98.3090   96.5770   93.4890   91.4990
  106.8180  103.8630  101.0850   98.2730   96.5570   93.4600   91.4740
  106.6890  103.7950  101.1030   98.2430   96.5760   93.4360   91.4230
  106.5490  103.7270  101.0230   98.2760   96.5510   93.4170   91.3860
  106.3990  103.6200  100.9580   98.2520   96.4870   93.3880   91.3590
  106.2510  103.5310  100.9580   98.1700   96.5030   93.3260   91.3140
  106.0650  103.4240  100.8440   98.1560   96.4280   93.3040   91.2730
  105.8970  103.3350  100.7970   98.1030   96.3790   93.2690   91.2600
  105.7670  103.2160  100.7460   98.0310   96.4110   93.2490   91.2070
  105.6320  103.1210  100.6260   98.0290   96.3270   93.2140   91.1610
  105.4890  103.0050  100.5810   97.9920   96.2590   93.1680   91.1280
  105.3700  102.8840  100.5420   97.8920   96.2570   93.1310   91.1050
  105.2510  102.8080  100.3920   97.8610   96.1850   93.1110   91.0750
  105.1640  102.7190  100.3720   97.7830   96.1570   93.0720   91.0210
  105.1240  102.6370  100.2810   97.7070   96.1480   93.0240   91.0040
  105.0590  102.5640  100.1620   97.6980   96.0540   93.0120   90.9510
  105.0260  102.4860  100.1560   97.6310   96.0310   92.9630   90.9160
  105.0050  102.4370  100.0920   97.5380   95.9770   92.9090   90.8850
  105.0020  102.3990  100.0200   97.5300   95.9050   92.8720   90.8350
  105.0260  102.3890   99.9750   97.4480   95.8370   92.8660   90.8290
  105.0720  102.3640   99.9260   97.3720   95.8520   92.8020   90.7900
  105.1450  102.3320   99.8420   97.3880   95.7670   92.7790   90.7440
  105.1970  102.3260   99.8170   97.2730   95.7000   92.7180   90.7090
  105.2720  102.3320   99.7990   97.2400   95.6500   92.6850   90.6640
  105.3780  102.3620   99.7780   97.2030   95.6070   92.6540   90.6490
  105.4930  102.4160   99.7670   97.1800   95.5880   92.6080   90.6220
  105.6230  102.4600   99.7400   97.1470   95.5400   92.5890   90.5930
  105.7290  102.5000   99.7580   97.1120   95.5010   92.5320   90.5520
  105.8290  102.5460   99.7610   97.0910   95.4580   92.4840   90.5110
  105.9130  102.5700   99.7570   97.0530   95.4180   92.4600   90.4840
  105.9620  102.6460   99.7680   97.0370   95.3950   92.4290   90.4390
  106.0110  102.6540   99.7900   97.0160   95.3870   92.3860   90.4120
  106.0430  102.6940   99.7880   97.0120   95.3430   92.3450   90.3770
  106.0160  102.7240   99.7940   97.0100   95.3270   92.3040   90.3460
  106.0000  102.7160   99.8130   97.0020   95.3080   92.2910   90.2920
  105.9860  102.7100   99.8090   96.9880   95.2840   92.2400   90.2740
  105.9340  102.7270   99.8080   96.9890   95.2750   92.2190   90.2280
  105.8580  102.6900   99.8040   96.9740   95.2540   92.1920   90.1970
  105.7480  102.6430   99.7720   96.9510   95.2160   92.1580   90.1690
  105.6650  102.6130   99.7680   96.9340   95.2140   92.1160   90.1230
  105.5350  102.5670   99.7430   96.9200   95.1870   92.1100   90.1130
  105.4320  102.4970   99.6980   96.8990   95.1540   92.0630   90.0760
  105.3100  102.4080   99.6840   96.9320   95.1620   92.0400   90.0410
  105.1590  102.3560   99.6790   96.8520   95.1520   92.0070   90.0060
  105.0070  102.2720   99.5970   96.8580   95.1150   91.9680   89.9850
  104.8510  102.1860   99.5480   96.8190   95.0550   91.9680   89.9350
  104.7210  102.1020   99.5320   96.7470   95.0860   91.9330   89.9380
  104.5560  101.9940   99.4290   96.7600   95.0610   91.9170   89.8980
  104.4130  101.8780   99.3510   96.7250   94.9870   91.8940   89.8430
  104.2480  101.7670   99.3220   96.6470   94.9890   91.8430   89.8160
  104.1150  101.6560   99.2560   96.5810   94.9460   91.8100   89.7970
  104.0100  101.5800   99.1660   96.5730   94.8950   91.7930   89.7660
  103.9120  101.5100   99.0780   96.5190   94.8190   91.7730   89.7370
  103.8450  101.4180   99.0410   96.4450   94.8290   91.7230   89.6960
  103.7910  101.3120   98.9790   96.3590   94.8120   91.6950   89.6840
  103.7610  101.2390   98.8390   96.3670   94.7090   91.6860   89.6300
  103.7090  101.1960   98.7960   96.3200   94.6910   91.6410   89.5930
  103.6990  101.1200   98.7980   96.2110   94.6620   91.5810   89.5780
  103.6820  101.1100   98.7120   96.1990   94.5940   91.5690   89.5370
  103.7040  101.0850   98.6190   96.1490   94.5220   91.5520   89.5060
  103.7610  101.0530   98.6190   96.0860   94.5340   91.4890   89.4840
  103.8090  101.0530   98.5830   96.0030   94.4950   91.4600   89.4570
  103.8740  101.0450   98.5020   95.9830   94.3860   91.4210   89.4110
  103.9370  101.0420   98.4700   95.9330   94.3410   91.3860   89.3890
  104.0420  101.0770   98.4550   95.8860   94.2980   91.3420   89.3580
  104.1390  101.0800   98.4430   95.8690   94.2650   91.2970   89.3120
  104.2340  101.1200   98.4160   95.8180   94.2300   91.2680   89.2900
  104.3310  101.1640   98.4350   95.8100   94.1950   91.2370   89.2590
  104.4400  101.2120   98.4430   95.7890   94.1620   91.1960   89.2320
  104.5210  101.2580   98.4530   95.7660   94.1330   91.1710   89.2050
  104.5830  101.3070   98.4610   95.7540   94.1170   91.1500   89.1700
  104.6180  101.3230   98.4760   95.7500   94.0900   91.1030   89.1410
  104.6610  101.3720   98.4860   95.7380   94.0650   91.0800   89.0980
  104.6610  101.3720   98.5130   95.7250   94.0320   91.0430   89.0610
  104.6400  101.3990   98.5090   95.7230   94.0340   91.0100   89.0360
  104.5940  101.4040   98.5130   95.7090   94.0140   90.9960   88.9970
  104.5400  101.4020   98.4980   95.6900   94.0030   90.9540   88.9720
  104.4690  101.3690   98.4940   95.6820   93.9680   90.9340   88.9390
  104.3910  101.3290   98.4800   95.6800   93.9600   90.9010   88.9020
  104.2910  101.3020   98.4510   95.6490   93.9520   90.8570   88.8620
  104.1530  101.2500   98.4470   95.6450   93.9170   90.8280   88.8380
  104.0450  101.1720   98.4100   95.6200   93.9070   90.8100   88.8050
  103.9120  101.1150   98.3790   95.6290   93.8800   90.7910   88.7720
  103.7690  101.0310   98.3440   95.6060   93.8650   90.7650   88.7340
  103.6170  100.9500   98.3280   95.5770   93.8410   90.7340   88.7100
  103.4500  100.8450   98.2600   95.5050   93.8800   90.7250   88.6730
  103.2900  100.7440   98.2130   95.4780   93.8280   90.6760   88.6310
  103.1250  100.6280   98.1470   95.4330   93.7980   90.6490   88.6150
  102.9600  100.5280   98.0850   95.3980   93.7830   90.6160   88.5920
  102.8140  100.4250   98.0160   95.3630   93.7340   90.6010   88.5610
  102.7090  100.3310   97.9270   95.3400   93.6560   90.5970   88.5160
  102.5790  100.2280   97.8290   95.2810   93.6180   90.5850   88.5030
  102.4900  100.1390   97.7260   95.2330   93.6000   90.5190   88.4540
  102.3790  100.0410   97.6890   95.1840   93.5730   90.4820   88.4210
  102.3190   99.9550   97.6360   95.1060   93.5200   90.4490   88.3960
  102.2600   99.8820   97.5880   95.0620   93.4700   90.4240   88.3630
  102.2680   99.8390   97.5060   94.9860   93.4350   90.3870   88.3490
  102.2360   99.7740   97.4670   94.9330   93.3940   90.3580   88.3240
  102.2680   99.7200   97.4100   94.8710   93.3490   90.3130   88.2870
  102.2790   99.6980   97.3730   94.8380   93.3060   90.2940   88.2540
  102.3250   99.6680   97.3250   94.8480   93.2600   90.2590   88.2350
  102.3790   99.6740   97.2210   94.8050   93.1780   90.2420   88.2230
  102.4900   99.7030   97.1960   94.6980   93.1310   90.1950   88.1880
  102.5790   99.7060   97.1710   94.6590   93.0920   90.1450   88.1550
  102.6570   99.7300   97.1570   94.6300   93.0630   90.1190   88.1400
  102.7740   99.7440   97.1380   94.5970   93.0300   90.0810   88.1070
  102.8630   99.8250   97.1450   94.5660   92.9890   90.0590   88.0840
  102.9930   99.8440   97.1430   94.5480   92.9490   90.0220   88.0430
  103.0930   99.8950   97.1490   94.5250   92.9250   89.9910   88.0020
  103.1840   99.9560   97.1540   94.5080   92.8970   89.9670   87.9730
  103.2540  100.0120   97.2010   94.4970   92.8910   89.9300   87.9560
  103.2930  100.0470   97.1980   94.4800   92.8550   89.8920   87.9260
  103.3270  100.0880   97.2130   94.4890   92.8420   89.8680   87.8900
  103.3410  100.0940   97.2260   94.4790   92.8210   89.8500   87.8610
  103.3010  100.0980   97.2250   94.4550   92.7910   89.8010   87.8180
  103.2820  100.1090   97.2370   94.4390   92.7790   89.7700   87.7960
  103.2230  100.0950   97.2270   94.4470   92.7600   89.7350   87.7560
  103.1420  100.0740   97.2190   94.4390   92.7480   89.7120   87.7400
  103.0850  100.0600   97.2190   94.4330   92.7250   89.6830   87.7070
  102.9930  100.0330   97.2140   94.4040   92.7190   89.6560   87.6720
  102.8680   99.9760   97.1920   94.3960   92.6980   89.6460   87.6450
  102.7680   99.9090   97.1570   94.3960   92.6720   89.6150   87.6370
  102.6330   99.8410   97.1530   94.4020   92.7150   89.5900   87.6220
  102.5030   99.7740   97.1300   94.3300   92.6920   89.5700   87.5930
  102.3980   99.7140   97.1010   94.3500   92.6490   89.5470   87.5750
  102.2330   99.6110   96.9910   94.3170   92.6000   89.5220   87.5360
  102.0680   99.5140   96.9370   94.2950   92.5890   89.5040   87.5110
  101.9030   99.4300   96.9350   94.2270   92.5810   89.4750   87.4590
  101.7480   99.3340   96.8760   94.1950   92.5510   89.4390   87.4490
  101.5940   99.2120   96.8070   94.2030   92.4920   89.4330   87.4340
  101.4270   99.0730   96.6700   94.1380   92.4330   89.3920   87.3950
  101.3080   98.9620   96.6470   94.0640   92.4640   89.3430   87.3730
  101.2320   98.8790   96.5570   93.9920   92.4410   89.3220   87.3310
  101.1380   98.8000   96.4500   93.9690   92.3260   89.3280   87.3040
  101.0940   98.7270   96.4560   93.9020   92.3240   89.2710   87.2860
  101.0190   98.6510   96.3760   93.8210   92.2660   89.2460   87.2670
  101.0050   98.5870   96.3150   93.8190   92.2330   89.1980   87.2240
  101.0020   98.5410   96.2060   93.7860   92.1490   89.1860   87.1970
  101.0130   98.4920   96.1500   93.7370   92.1670   89.1280   87.1600
  101.0460   98.4620   96.1250   93.6240   92.1380   89.0970   87.1370
  101.1240   98.4620   96.0860   93.6130   92.0360   89.0910   87.1040
  101.1460   98.4510   96.0140   93.5560   91.9880   89.0640   87.0840
  101.2190   98.4190   95.9880   93.4800   91.9410   88.9920   87.0570
  101.2860   98.4590   95.9550   93.4470   91.8980   88.9610   87.0220
  101.3860   98.4650   95.9380   93.4200   91.8670   88.9320   87.0030
  101.4680   98.5140   95.9220   93.3700   91.8340   88.8760   86.9700
  101.5950   98.5320   95.9180   93.3500   91.7800   88.8660   86.9430
  101.7000   98.5780   95.8950   93.3290   91.7580   88.8120   86.8900
  101.7890   98.6300   95.9200   93.3000   91.7290   88.7920   86.8770
  101.8950   98.6760   95.9280   93.2900   91.6980   88.7570   86.8380
  101.9490   98.7300   95.9420   93.2880   91.6610   88.7170   86.8030
  101.9870   98.7760   95.9610   93.2610   91.6400   88.6950   86.7760
  102.0170   98.8000   95.9550   93.2470   91.6220   88.6640   86.7410
  102.0220   98.8160   95.9710   93.2570   91.5970   88.6350   86.7060
  102.0140   98.8190   95.9810   93.2240   91.5890   88.5940   86.6830
  102.0000   98.8430   95.9770   93.2350   91.5810   88.5610   86.6440
  101.9540   98.8240   96.0040   93.2260   91.5560   88.5570   86.6260
  101.9060   98.8140   95.9770   93.2120   91.5580   88.5280   86.6010
  101.8300   98.7890   96.0000   93.2080   91.5330   88.4990   86.5760
  101.7380   98.7490   95.9790   93.2120   91.5190   88.4660   86.5410
  101.6650   98.7140   95.9750   93.1810   91.5040   88.4620   86.5310
  101.5270   98.6650   95.9400   93.1790   91.4820   88.4310   86.4950
  101.4320   98.6080   95.9770   93.1520   91.4980   88.4080   86.4890
  101.3050   98.5350   95.9340   93.1790   91.4670   88.3980   86.4560
  101.1570   98.4810   95.8430   93.1670   91.4370   88.3810   86.4350
  101.0130   98.3810   95.7940   93.1480   91.4100   88.3380   86.3960
  100.8920   98.2890   95.7920   93.0530   91.4430   88.3130   86.3790
  100.7430   98.2010   95.7300   93.0290   91.4280   88.3030   86.3550
  100.6210   98.1120   95.6580   93.0370   91.3330   88.2740   86.3280
  100.4620   98.0230   95.6290   92.9440   91.3370   88.2570   86.3070
  100.3320   97.9130   95.5060   92.9730   91.2800   88.2430   86.2910
  100.2670   97.8350   95.4830   92.8970   91.3040   88.2020   86.2660
  100.1750   97.7730   95.3780   92.8460   91.2610   88.1830   86.2450
  100.0860   97.6710   95.3800   92.8150   91.1850   88.1600   86.2140
  100.0260   97.5820   95.2710   92.7960   91.1850   88.1230   86.1870
  100.0290   97.5420   95.2240   92.7140   91.1660   88.1210   86.1640
   99.9970   97.5200   95.1660   92.6560   91.1000   88.0860   86.1290
   99.9750   97.4450   95.1370   92.6360   91.0550   88.0550   86.1060
   99.9940   97.3860   95.0300   92.6050   90.9830   88.0200   86.0730
  100.0590   97.3890   95.0280   92.5260   91.0070   88.0240   86.0460
  100.0970   97.4020   94.9830   92.4960   90.9540   87.9810   86.0280
  100.1180   97.3670   94.9690   92.4240   90.8980   87.9310   86.0050
  100.2100   97.3670   94.8920   92.3660   90.8110   87.9090   85.9860
  100.2970   97.3990   94.8820   92.3490   90.7870   87.8760   85.9470
  100.4020   97.4290   94.8550   92.3270   90.7560   87.8490   85.9220
  100.5160   97.4590   94.8530   92.2880   90.7200   87.8160   85.8930
  100.6400   97.5040   94.8550   92.2820   90.7000   87.7890   85.8750
  100.7540   97.5690   94.8660   92.2590   90.6730   87.7620   85.8420
  100.8400   97.6010   94.8840   92.2360   90.6520   87.7210   85.8330
  100.9320   97.6710   94.8880   92.2140   90.6170   87.7040   85.7920
  101.0380   97.7140   94.9030   92.2280   90.6030   87.6630   85.7630
  101.0780   97.7520   94.9210   92.2140   90.5840   87.6650   85.7280
  101.1130   97.8160   94.9400   92.2010   90.5740   87.6200   85.7260
  101.1240   97.8110   94.9540   92.2070   90.5510   87.5990   85.6930
  101.1300   97.8620   94.9870   92.2050   90.5350   87.5700   85.6660
  101.1110   97.8620   94.9910   92.2050   90.5310   87.5580   85.6450
  101.0700   97.8570   94.9930   92.1970   90.5290   87.5250   85.6200
  101.0130   97.8590   95.0040   92.1790   90.5060   87.5020   85.5830
  100.9570   97.8350   94.9990   92.1910   90.4960   87.4880   85.5770
  100.8670   97.8140   94.9890   92.1850   90.4940   87.4630   85.5460
  100.7730   97.7730   94.9600   92.1770   90.4770   87.4380   85.5230
  100.6590   97.7190   94.9480   92.1700   90.4770   87.4320   85.5110
  100.5370   97.6710   94.9290   92.1790   90.4830   87.4050   85.4670
  100.4270   97.5960   94.9250   92.1560   90.4830   87.4030   85.4510
  100.2800   97.5260   94.9150   92.1230   90.4630   87.3700   85.4200
  100.1430   97.4560   94.8680   92.0980   90.4440   87.3560   85.4090
   99.9830   97.3540   94.8220   92.1190   90.3990   87.3370   85.3780
   99.8450   97.2490   94.7200   92.0960   90.3590   87.3250   85.3560
   99.6990   97.1570   94.6910   91.9950   90.3920   87.2830   85.3270
   99.5580   97.0740   94.6390   91.9580   90.3760   87.2890   85.2930
   99.4610   96.9880   94.5670   91.9650   90.3300   87.2520   85.2670
   99.3370   96.9130   94.4660   91.9230   90.2640   87.2480   85.2500
   99.2470   96.8240   94.4090   91.8760   90.2150   87.2110   85.2380
   99.1610   96.7570   94.3450   91.8310   90.2070   87.1760   85.2040
   99.1200   96.6710   94.3390   91.7570   90.1940   87.1590   85.1800
   99.0660   96.6200   94.2830   91.7130   90.1570   87.1430   85.1590
   99.0500   96.5280   94.1700   91.7150   90.0830   87.1180   85.1320
   99.0500   96.4960   94.1080   91.6870   90.0750   87.0870   85.1090
   99.0800   96.4660   94.1020   91.5780   90.0700   87.0460   85.0820
   99.0930   96.4480   94.0530   91.5610   90.0330   87.0340   85.0450
   99.1530   96.4560   93.9910   91.5260   89.9400   87.0290   85.0310
   99.2070   96.4640   93.9540   91.4750   89.9340   86.9740   85.0120
   99.2740   96.4400   93.9110   91.4000   89.8740   86.9300   84.9870
   99.3640   96.4660   93.9080   91.3740   89.8270   86.8930   84.9730
   99.4580   96.4990   93.8800   91.3450   89.7960   86.8750   84.9420
   99.5750   96.5200   93.8940   91.3390   89.7570   86.8640   84.9210
   99.6560   96.5660   93.8960   91.3080   89.7380   86.8230   84.8960
   99.7720   96.6140   93.9000   91.3060   89.7160   86.8050   84.8630
   99.8990   96.6920   93.9110   91.2850   89.6850   86.7720   84.8340
   99.9750   96.7220   93.9080   91.2660   89.6620   86.7490   84.8070
  100.0480   96.7840   93.9600   91.2640   89.6640   86.7200   84.7950
  100.1240   96.8290   93.9640   91.2540   89.6410   86.6810   84.7700
  100.1560   96.8890   93.9740   91.2480   89.6080   86.6680   84.7270
  100.1530   96.9130   94.0070   91.2560   89.6270   86.6420   84.7270
  100.1530   96.9150   94.0160   91.2500   89.5880   86.6110   84.6810
  100.1050   96.9340   94.0380   91.2520   89.5860   86.6000   84.6710
  100.0560   96.9100   94.0400   91.2500   89.5690   86.5690   84.6380
  100.0020   96.8940   94.0360   91.2420   89.5690   86.5570   84.6170
   99.9320   96.8890   94.0360   91.2310   89.5480   86.5320   84.5840
   99.8290   96.8480   94.0220   91.2290   89.5400   86.5110   84.5510
   99.7370   96.8130   94.0050   91.2150   89.5340   86.4840   84.5220
   99.6400   96.7620   93.9830   91.2020   89.5090   86.4780   84.4890
   99.5020   96.7060   93.9700   91.2350   89.5090   86.4580   84.4660
   99.3530   96.6490   93.9410   91.2110   89.4860   86.4390   84.4390
   99.2420   96.5740   93.9410   91.1570   89.5280   86.4100   84.4160
   99.1040   96.4770   93.8650   91.1800   89.5110   86.4180   84.3920
   98.9360   96.3880   93.7890   91.1710   89.4390   86.4000   84.3690
   98.7900   96.2920   93.8080   91.1450   89.4490   86.3710   84.3460
   98.6550   96.1980   93.7500   91.0430   89.4470   86.3310   84.3250
   98.5120   96.1030   93.6720   91.0170   89.4160   86.3070   84.3110
   98.4010   96.0280   93.6290   90.9920   89.3810   86.3000   84.2760
   98.2800   95.9230   93.5130   90.9710   89.3090   86.2980   84.2670
   98.2230   95.8530   93.4870   90.9070   89.3460   86.2760   84.2450
   98.1370   95.7650   93.4230   90.8560   89.3210   86.2340   84.2140
   98.0860   95.6760   93.3590   90.8350   89.2840   86.2130   84.2010
   98.0620   95.6250   93.2770   90.8140   89.2330   86.2010   84.1660
   98.0300   95.5740   93.1920   90.7810   89.1500   86.1890   84.1410
   98.0240   95.5280   93.2050   90.7380   89.1250   86.1640   84.1120
   98.0460   95.5040   93.1670   90.6470   89.1190   86.1200   84.1060
   98.0590   95.4930   93.1180   90.6100   89.0660   86.0940   84.0690
   98.1210   95.4900   93.0870   90.5790   89.0450   86.0730   84.0400
   98.1720   95.4880   93.0230   90.5610   89.0020   86.0250   84.0210
   98.2610   95.4820   92.9800   90.4820   88.9230   86.0090   84.0110
   98.3360   95.5230   92.9600   90.4510   88.9110   85.9860   83.9800
   98.4440   95.5360   92.9430   90.4220   88.8740   85.9610   83.9490
   98.5280   95.5740   92.9450   90.3890   88.8470   85.9360   83.9320
   98.6530   95.6190   92.9450   90.3770   88.8180   85.9050   83.8950
   98.7660   95.6620   92.9550   90.3670   88.7970   85.8830   83.8740
   98.8500   95.7220   92.9700   90.3440   88.7770   85.8580   83.8500
   98.9450   95.7650   92.9920   90.3400   88.7580   85.8200   83.8290
   99.0150   95.8290   93.0070   90.3480   88.7350   85.8000   83.8230
   99.0740   95.8860   93.0360   90.3170   88.7250   85.7870   83.8100
   99.1150   95.9130   93.0540   90.3320   88.7060   85.7520   83.7630
   99.0960   95.9500   93.0850   90.3340   88.6860   85.7400   83.7340
   99.0960   95.9560   93.0950   90.3270   88.6820   85.7050   83.7050
   99.0880   95.9530   93.1080   90.3440   88.6760   85.6900   83.6780
   99.0340   95.9960   93.1120   90.3380   88.6730   85.6650   83.6840
   98.9960   95.9640   93.1220   90.3290   88.6650   85.6610   83.6470
   98.9230   95.9290   93.1200   90.3360   88.6650   85.6320   83.6180
   98.8150   95.9130   93.1140   90.3270   88.6760   85.6070   83.6050
   98.7390   95.8720   93.0890   90.3170   88.6320   85.5800   83.5680
   98.6150   95.8210   93.0730   90.3150   88.6200   85.5780   83.5620
   98.4980   95.7540   93.0810   90.3520   88.6450   85.5560   83.5310
   98.3660   95.6730   93.0730   90.2880   88.6450   85.5350   83.5080
   98.2100   95.6220   92.9840   90.2960   88.6160   85.5060   83.4940
   98.0620   95.5550   92.9370   90.2800   88.5600   85.5160   83.4650
   97.9440   95.4580   92.9290   90.2650   88.5520   85.4870   83.4560
   97.7960   95.3590   92.8850   90.2060   88.5790   85.4600   83.4560
   97.6320   95.2670   92.8220   90.1500   88.5720   85.4440   83.4230
   97.5140   95.1540   92.7620   90.1830   88.5310   85.4250   83.4130
   97.3870   95.0760   92.6410   90.1420   88.4650   85.4170   83.3940
   97.2900   94.9790   92.6510   90.0780   88.4770   85.3800   83.3800
   97.1910   94.8960   92.6010   90.0260   88.4400   85.3570   83.3760
   97.1240   94.8210   92.4720   89.9830   88.3600   85.3470   83.3610
   97.0890   94.7510   92.4570   89.9520   88.3700   85.3340   83.3490
   97.0460   94.6940   92.3850   89.8710   88.3470   85.3140   83.3280
   97.0380   94.6460   92.3050   89.8800   88.2810   85.2970   83.3050
   97.0350   94.5900   92.2930   89.8420   88.2460   85.2810   83.2910
   97.0670   94.5630   92.2640   89.7410   88.2360   85.2370   83.2810
   97.0830   94.5470   92.2160   89.7430   88.1950   85.2140   83.2720
   97.1180   94.5630   92.1490   89.7000   88.1120   85.2140   83.2770