0.0002    0.0005    0.0007    0.0010    0.0012    0.0014    0.0017
    0.0052    0.0054    0.0057    0.0059    0.0062    0.0064    0.0067
    0.0102    0.0104    0.0107    0.0109    0.0112    0.0114    0.0117
    0.0152    0.0154    0.0157    0.0159    0.0162    0.0164    0.0167
    0.0202    0.0204    0.0207    0.0209    0.0212    0.0214    0.0217
    0.0252    0.0254    0.0257    0.0259    0.0262    0.0264    0.0267
    0.0302    0.0304    0.0307    0.0309    0.0312    0.0314    0.0317
    0.0352    0.0354    0.0357    0.0359    0.0362    0.0364    0.0367
    0.0402    0.0404    0.0407    0.0409    0.0412    0.0414    0.0417
    0.0452    0.0454    0.0457    0.0459    0.0462    0.0464    0.0467
    0.0502    0.0504    0.0507    0.0509    0.0512    0.0514    0.0517
    0.0552    0.0554    0.0557    0.0559    0.0562    0.0564    0.0567
    0.0602    0.0604    0.0607    0.0609    0.0612    0.0614    0.0617
    0.0652    0.0654    0.0657    0.0659    0.0662    0.0664    0.0667
    0.0702    0.0704    0.0707    0.0709    0.0712    0.0714    0.0717
    0.0752    0.0754    0.0757    0.0759    0.0762    0.0764    0.0767
    0.0802    0.0804    0.0807    0.0809    0.0812    0.0814    0.0817
    0.0852    0.0854    0.0857    0.0859    0.0862    0.0864    0.0867
    0.0902    0.0904    0.0907    0.0909    0.0912    0.0914    0.0917
    0.0952    0.0954    0.0957    0.0959    0.0962    0.0964    0.0967
    0.1002    0.1004    0.1007    0.1009    0.1012    0.1014    0.1017
    0.1052    0.1054    0.1057    0.1059    0.1062    0.1064    0.1067
    0.1102    0.1104    0.1107    0.1109    0.1112    0.1114    0.1117
    0.1152    0.1154    0.1157    0.1159    0.1162    0.1164    0.1167
    0.1202    0.1204    0.1207    0.1209    0.1212    0.1214    0.1217
    0.1252    0.1254    0.1257    0.1259    0.1262    0.1264    0.1267
    0.1302    0.1304    0.1307    0.1309    0.1312    0.1314    0.1317
    0.1352    0.1354    0.1357    0.1359    0.1362    0.1364    0.1367
    0.1402    0.1404    0.1407    0.1409    0.1412    0.1414    0.1417
    0.1452    0.1454    0.1457    0.1459    0.1462    0.1464    0.1467
    0.1502    0.1504    0.1507    0.1509    0.1512    0.1514    0.1517
    0.1552    0.1554    0.1557    0.1559    0.1562    0.1564    0.1567
    0.1602    0.1604    0.1607    0.1609    0.1612    0.1614    0.1617
    0.1652    0.1654    0.1657    0.1659    0.1662    0.1664    0.1667
    0.1702    0.1704    0.1707    0.1709    0.1712    0.1714    0.1717
    0.1752    0.1754    0.1757    0.1759    0.1762    0.1764    0.1767
    0.1802    0.1804    0.1807    0.1809    0.1812    0.1814    0.1817
    0.1852    0.1854    0.1857    0.1859    0.1862    0.1864    0.1867
    0.1902    0.1904    0.1907    0.1909    0.1912    0.1914    0.1917
    0.1952    0.1954    0.1957    0.1959    0.1962    0.1964    0.1967
    0.2002    0.2004    0.2007    0.2009    0.2012    0.2014    0.2017
    0.2052    0.2054    0.2057    0.2059    0.2062    0.2064    0.2067
    0.2102    0.2104    0.2107    0.2109    0.2112    0.2114    0.2117
    0.2152    0.2154    0.2157    0.2159    0.2162    0.2164    0.2167
    0.2202    0.2204    0.2207    0.2209    0.2212    0.2214    0.2217
    0.2252    0.2254    0.2257    0.2259    0.2262    0.2264    0.2267
    0.2302    0.2304    0.2307    0.2309    0.2312    0.2314    0.2317
    0.2352    0.2354    0.2357    0.2359    0.2362    0.2364    0.2367
    0.2402    0.2404    0.2407    0.2409    0.2412    0.2414    0.2417
    0.2452    0.2454    0.2457    0.2459    0.2462    0.2464    0.2467
    0.2502    0.2504    0.2507    0.2509    0.2512    0.2514    0.2517
    0.2552    0.2554    0.2557    0.2559    0.2562    0.2564    0.2567
    0.2602    0.2604    0.2607    0.2609    0.2612    0.2614    0.2617
    0.2652    0.2654    0.2657    0.2659    0.2662    0.2664    0.2667
    0.2702    0.2704    0.2707    0.2709    0.2712    0.2714    0.2717
    0.2752    0.2754    0.2757    0.2759    0.2762    0.2764    0.2767
    0.2802    0.2804    0.2807    0.2809    0.2812    0.2814    0.2817
    0.2852    0.2854    0.2857    0.2859    0.2862    0.2864    0.2867
    0.2902    0.2904    0.2907    0.2909    0.2912    0.2914    0.2917
    0.2952    0.2954    0.2957    0.2959    0.2962    0.2964    0.2967
    0.3002    0.3004    0.3007    0.3009    0.3012    0.3014    0.3017
    0.3052    0.3054    0.3057    0.3059    0.3062    0.3064    0.3067
    0.3102    0.3104    0.3107    0.3109    0.3112    0.3114    0.3117
    0.3152    0.3154    0.3157    0.3159    0.3162    0.3164    0.3167
    0.3202    0.3204    0.3207    0.3209    0.3212    0.3214    0.3217
    0.3252    0.3254    0.3257    0.3259    0.3262    0.3264    0.3267
    0.3302    0.3304    0.3307    0.3309    0.3312    0.3314    0.3317
    0.3352    0.3354    0.3357    0.3359    0.3362    0.3364    0.3367
    0.3402    0.3404    0.3407    0.3409    0.3412    0.3414    0.3417
    0.3452    0.3454    0.3457    0.3459    0.3462    0.3464    0.3467
    0.3502    0.3504    0.3507    0.3509    0.3512    0.3514    0.3517
    0.3552    0.3554    0.3557    0.3559    0.3562    0.3564    0.3567
    0.3602    0.3604    0.3607    0.3609    0.3612    0.3614    0.3617
    0.3652    0.3654    0.3657    0.3659    0.3662    0.3664    0.3667
    0.3702    0.3704    0.3707    0.3709    0.3712    0.3714    0.3717
    0.3752    0.3754    0.3757    0.3759    0.3762    0.3764    0.3767
    0.3802    0.3804    0.3807    0.3809    0.3812    0.3814    0.3817
    0.3852    0.3854    0.3857    0.3859    0.3862    0.3864    0.3867
    0.3902    0.3904    0.3907    0.3909    0.3912    0.3914    0.3917
    0.3952    0.3954    0.3957    0.3959    0.3962    0.3964    0.3967
    0.4002    0.4004    0.4007    0.4009    0.4012    0.4014    0.4017
    0.4052    0.4054    0.4057    0.4059    0.4062    0.4064    0.4067
    0.4102    0.4104    0.4107    0.4109    0.4112    0.4114    0.4117
    0.4152    0.4154    0.4157    0.4159    0.4162    0.4164    0.4167
    0.4202    0.4204    0.4207    0.4209    0.4212    0.4214    0.4217
    0.4252    0.4254    0.4257    0.4259    0.4262    0.4264    0.4267
    0.4302    0.4304    0.4307    0.4309    0.4312    0.4314    0.4317
    0.4352    0.4354    0.4357    0.4359    0.4362    0.4364    0.4367
    0.4402    0.4404    0.4407    0.4409    0.4412    0.4414    0.4417
    0.4452    0.4454    0.4457    0.4459    0.4462    0.4464    0.4467
    0.4502    0.4504    0.4507    0.4509    0.4512    0.4514    0.4517
    0.4552    0.4554    0.4557    0.4559    0.4562    0.4564    0.4567
    0.4602    0.4604    0.4607    0.4609    0.4612    0.4614    0.4617
    0.4652    0.4654    0.4657    0.4659    0.4662    0.4664    0.4667
    0.4702    0.4704    0.4707    0.4709    0.4712    0.4714    0.4717
    0.4752    0.4754    0.4757    0.4759    0.4762    0.4764    0.4767
    0.4802    0.4804    0.4807    0.4809    0.4812    0.4814    0.4817
    0.4852    0.4854    0.4857    0.4859    0.4862    0.4864    0.4867
    0.4902    0.4904    0.4907    0.4909    0.4912    0.4914    0.4917
    0.4952    0.4954    0.4957    0.4959    0.4962    0.4964    0.4967
    0.5002    0.5004    0.5007    0.5009    0.5012    0.5014    0.5017
    0.5052    0.5054    0.5057    0.5059    0.5062    0.5064    0.5067
    0.5102    0.5104    0.5107    0.5109    0.5112    0.5114    0.5117
    0.5152    0.5154    0.5157    0.5159    0.5162    0.5164    0.5167
    0.5202    0.5204    0.5207    0.5209    0.5212    0.5214    0.5217
    0.5252    0.5254    0.5257    0.5259    0.5262    0.5264    0.5267
    0.5302    0.5304    0.5307    0.5309    0.5312    0.5314    0.5317
    0.5352    0.5354    0.5357    0.5359    0.5362    0.5364    0.5367
    0.5402    0.5404    0.5407    0.5409    0.5412    0.5414    0.5417
    0.5452    0.5454    0.5457    0.5459    0.5462    0.5464    0.5467
    0.5502    0.5504    0.5507    0.5509    0.5512    0.5514    0.5517
    0.5552    0.5554    0.5557    0.5559    0.5562    0.5564    0.5567
    0.5602    0.5604    0.5607    0.5609    0.5612    0.5614    0.5617
    0.5652    0.5654    0.5657    0.5659    0.5662    0.5664    0.5667
    0.5702    0.5704    0.5707    0.5709    0.5712    0.5714    0.5717
    0.5752    0.5754    0.5757    0.5759    0.5762    0.5764    0.5767
    0.5802    0.5804    0.5807    0.5809    0.5812    0.5814    0.5817
    0.5852    0.5854    0.5857    0.5859    0.5862    0.5864    0.5867
    0.5902    0.5904    0.5907    0.5909    0.5912    0.5914    0.5917
    0.5952    0.5954    0.5957    0.5959    0.5962    0.5964    0.5967
    0.6002    0.6004    0.6007    0.6009    0.6012    0.6014    0.6017
    0.6052    0.6054    0.6057    0.6059    0.6062    0.6064    0.6067
    0.6102    0.6104    0.6107    0.6109    0.6112    0.6114    0.6117
    0.6152    0.6154    0.6157    0.6159    0.6162    0.6164    0.6167
    0.6202    0.6204    0.6207    0.6209    0.6212    0.6214    0.6217
    0.6252    0.6254    0.6257    0.6259    0.6262    0.6264    0.6267
    0.6302    0.6304    0.6307    0.6309    0.6312    0.6314    0.6317
    0.6352    0.6354    0.6357    0.6359    0.6362    0.6364    0.6367
    0.6402    0.6404    0.6407    0.6409    0.6412    0.6414    0.6417
    0.6452    0.6454    0.6457    0.6459    0.6462    0.6464    0.6467
    0.6502    0.6504    0.6507    0.6509    0.6512    0.6514    0.6517
    0.6552    0.6554    0.6557    0.6559    0.6562    0.6564    0.6567
    0.6602    0.6604    0.6607    0.6609    0.6612    0.6614    0.6617
    0.6652    0.6654    0.6657    0.6659    0.6662    0.6664    0.6667
    0.6702    0.6704    0.6707    0.6709    0.6712    0.6714    0.6717
    0.6752    0.6754    0.6757    0.6759    0.6762    0.6764    0.6767
    0.6802    0.6804    0.6807    0.6809    0.6812    0.6814    0.6817
    0.6852    0.6854    0.6857    0.6859    0.6862    0.6864    0.6867
    0.6902    0.6904    0.6907    0.6909    0.6912    0.6914    0.6917
    0.6952    0.6954    0.6957    0.6959    0.6962    0.6964    0.6967
    0.7002    0.7004    0.7007    0.7009    0.7012    0.7014    0.7017
    0.7052    0.7054    0.7057    0.7059    0.7062    0.7064    0.7067
    0.7102    0.7104    0.7107    0.7109    0.7112    0.7114    0.7117
    0.7152    0.7154    0.7157    0.7159    0.7162    0.7164    0.7167
    0.7202    0.7204    0.7207    0.7209    0.7212    0.7214    0.7217
    0.7252    0.7254    0.7257    0.7259    0.7262    0.7264    0.7267
    0.7302    0.7304    0.7307    0.7309    0.7312    0.7314    0.7317
    0.7352    0.7354    0.7357    0.7359    0.7362    0.7364    0.7367
    0.7402    0.7404    0.7407    0.7409    0.7412    0.7414    0.7417
    0.7452    0.7454    0.7457    0.7459    0.7462    0.7464    0.7467
    0.7502    0.7504    0.7507    0.7509    0.7512    0.7514    0.7517
    0.7552    0.7554    0.7557    0.7559    0.7562    0.7564    0.7567
    0.7602    0.7604    0.7607    0.7609    0.7612    0.7614    0.7617
    0.7652    0.7654    0.7657    0.7659    0.7662    0.7664    0.7667
    0.7702    0.7704    0.7707    0.7709    0.7712    0.7714    0.7717
    0.7752    0.7754    0.7757    0.7759    0.7762    0.7764    0.7767
    0.7802    0.7804    0.7807    0.7809    0.7812    0.7814    0.7817
    0.7852    0.7854    0.7857    0.7859    0.7862    0.7864    0.7867
    0.7902    0.7904    0.7907    0.7909    0.7912    0.7914    0.7917
    0.7952    0.7954    0.7957    0.7959    0.7962    0.7964    0.7967
    0.8002    0.8004    0.8007    0.8009    0.8012    0.8014    0.8017
    0.8052    0.8054    0.8057    0.8059    0.8062    0.8064    0.8067
    0.8102    0.8104    0.8107    0.8109    0.8112    0.8114    0.8117
    0.8152    0.8154    0.8157    0.8159    0.8162    0.8164    0.8167
    0.8202    0.8204    0.8207    0.8209    0.8212    0.8214    0.8217
    0.8252    0.8254    0.8257    0.8259    0.8262    0.8264    0.8267
    0.8302    0.8304    0.8307    0.8309    0.8312    0.8314    0.8317
    0.8352    0.8354    0.8357    0.8359    0.8362    0.8364    0.8367
    0.8402    0.8404    0.8407    0.8409    0.8412    0.8414    0.8417
    0.8452    0.8454    0.8457    0.8459    0.8462    0.8464    0.8467
    0.8502    0.8504    0.8507    0.8509    0.8512    0.8514    0.8517
    0.8552    0.8554    0.8557    0.8559    0.8562    0.8564    0.8567
    0.8602    0.8604    0.8607    0.8609    0.8612    0.8614    0.8617
    0.8652    0.8654    0.8657    0.8659    0.8662    0.8664    0.8667
    0.8702    0.8704    0.8707    0.8709    0.8712    0.8714    0.8717
    0.8752    0.8754    0.8757    0.8759    0.8762    0.8764    0.8767
    0.8802    0.8804    0.8807    0.8809    0.8812    0.8814    0.8817
    0.8852    0.8854    0.8857    0.8859    0.8862    0.8864    0.8867
    0.8902    0.8904    0.8907    0.8909    0.8912    0.8914    0.8917
    0.8952    0.8954    0.8957    0.8959    0.8962    0.8964    0.8967
    0.9002    0.9004    0.9007    0.9009    0.9012    0.9014    0.9017
    0.9052    0.9054    0.9057    0.9059    0.9062    0.9064    0.9067
    0.9102    0.9104    0.9107    0.9109    0.9112    0.9114    0.9117
    0.9152    0.9154    0.9157    0.9159    0.9162    0.9164    0.9167
    0.9202    0.9204    0.9207    0.9209    0.9212    0.9214    0.9217
    0.9252    0.9254    0.9257    0.9259    0.9262    0.9264    0.9267
    0.9302    0.9304    0.9307    0.9309    0.9312    0.9314    0.9317
    0.9352    0.9354    0.9357    0.9359    0.9362    0.9364    0.9367
    0.9402    0.9404    0.9407    0.9409    0.9412    0.9414    0.9417
    0.9452    0.9454    0.9457    0.9459    0.9462    0.9464    0.9467
    0.9502    0.9504    0.9507    0.9509    0.9512    0.9514    0.9517
    0.9552    0.9554    0.9557    0.9559    0.9562    0.9564    0.9567
    0.9602    0.9604    0.9607    0.9609    0.9612    0.9614    0.9617
    0.9652    0.9654    0.9657    0.9659    0.9662    0.9664    0.9667
    0.9702    0.9704    0.9707    0.9709    0.9712    0.9714    0.9717
    0.9752    0.9754    0.9757    0.9759    0.9762    0.9764    0.9767
    0.9802    0.9804    0.9807    0.9809    0.9812    0.9814    0.9817
    0.9852    0.9854    0.9857    0.9859    0.9862    0.9864    0.9867
    0.9902    0.9904    0.9907    0.9909    0.9912    0.9914    0.9917
    0.9952    0.9954    0.9957    0.9959    0.9962    0.9964    0.9967
    1.0002    1.0004    1.0007    1.0009    1.0012    1.0014    1.0017
    1.0052    1.0054    1.0057    1.0059    1.0062    1.0064    1.0067
    1.0102    1.0104    1.0107    1.0109    1.0112    1.0114    1.0117
    1.0152    1.0154    1.0157    1.0159    1.0162    1.0164    1.0167
    1.0202    1.0204    1.0207    1.0209    1.0212    1.0214    1.0217
    1.0252    1.0254    1.0257    1.0259    1.0262    1.0264    1.0267
    1.0302    1.0304    1.0307    1.0309    1.0312    1.0314    1.0317
    1.0352    1.0354    1.0357    1.0359    1.0362    1.0364    1.0367
    1.0402    1.0404    1.0407    1.0409    1.0412    1.0414    1.0417
    1.0452    1.0454    1.0457    1.0459    1.0462    1.0464    1.0467
    1.0502    1.0504    1.0507    1.0509    1.0512    1.0514    1.0517
    1.0552    1.0554    1.0557    1.0559    1.0562    1.0564    1.0567
    1.0602    1.0604    1.0607    1.0609    1.0612    1.0614    1.0617
    1.0652    1.0654    1.0657    1.0659    1.0662    1.0664    1.0667
    1.0702    1.0704    1.0707    1.0709    1.0712    1.0714    1.0717
    1.0752    1.0754    1.0757    1.0759    1.0762    1.0764    1.0767
    1.0802    1.0804    1.0807    1.0809    1.0812    1.0814    1.0817
    1.0852    1.0854    1.0857    1.0859    1.0862    1.0864    1.0867
    1.0902    1.0904    1.0907    1.0909    1.0912    1.0914    1.0917
    1.0952    1.0954    1.0957    1.0959    1.0962    1.0964    1.0967
    1.1002    1.1004    1.1007    1.1009    1.1012    1.1014    1.1017
    1.1052    1.1054    1.1057    1.1059    1.1062    1.1064    1.1067
    1.1102    1.1104    1.1107    1.1109    1.1112    1.1114    1.1117
    1.1152    1.1154    1.1157    1.1159    1.1162    1.1164    1.1167
    1.1202    1.1204    1.1207    1.1209    1.1212    1.1214    1.1217
    1.1252    1.1254    1.1257    1.1259    1.1262    1.1264    1.1267
    1.1302    1.1304    1.1307    1.1309    1.1312    1.1314    1.1317
    1.1352    1.1354    1.1357    1.1359    1.1362    1.1364    1.1367
    1.1402    1.1404    1.1407    1.1409    1.1412    1.1414    1.1417
    1.1452    1.1454    1.1457    1.1459    1.1462    1.1464    1.1467
    1.1502    1.1504    1.1507    1.1509    1.1512    1.1514    1.1517
    1.1552    1.1554    1.1557    1.1559    1.1562    1.1564    1.1567
    1.1602    1.1604    1.1607    1.1609    1.1612    1.1614    1.1617
    1.1652    1.1654    1.1657    1.1659    1.1662    1.1664    1.1667
    1.1702    1.1704    1.1707    1.1709    1.1712    1.1714    1.1717
    1.1752    1.1754    1.1757    1.1759    1.1762    1.1764    1.1767
    1.1802    1.1804    1.1807    1.1809    1.1812    1.1814    1.1817
    1.1852    1.1854    1.1857    1.1859    1.1862    1.1864    1.1867
    1.1902    1.1904    1.1907    1.1909    1.1912    1.1914    1.1917
    1.1952    1.1954    1.1957    1.1959    1.1962    1.1964    1.1967
    1.2002    1.2004    1.2007    1.2009    1.2012    1.2014    1.2017
    1.2052    1.2054    1.2057    1.2059    1.2062    1.2064    1.2067
    1.2102    1.2104    1.2107    1.2109    1.2112    1.2114    1.2117
    1.2152    1.2154    1.2157    1.2159    1.2162    1.2164    1.2167
    1.2202    1.2204    1.2207    1.2209    1.2212    1.2214    1.2217
    1.2252    1.2254    1.2257    1.2259    1.2262    1.2264    1.2267
    1.2302    1.2304    1.2307    1.2309    1.2312    1.2314    1.2317
    1.2352    1.2354    1.2357    1.2359    1.2362    1.2364    1.2367
    1.2402    1.2404    1.2407    1.2409    1.2412    1.2414    1.2417
    1.2452    1.2454    1.2457    1.2459    1.2462    1.2464    1.2467
    1.2502    1.2504    1.2507    1.2509    1.2512    1.2514    1.2517
    1.2552    1.2554    1.2557    1.2559    1.2562    1.2564    1.2567
    1.2602    1.2604    1.2607    1.2609    1.2612    1.2614    1.2617
    1.2652    1.2654    1.2657    1.2659    1.2662    1.2664    1.2667
    1.2702    1.2704    1.2707    1.2709    1.2712    1.2714    1.2717
    1.2752    1.2754    1.2757    1.2759    1.2762    1.2764    1.2767
    1.2802    1.2804    1.2807    1.2809    1.2812    1.2814    1.2817
    1.2852    1.2854    1.2857    1.2859    1.2862    1.2864    1.2867
    1.2902    1.2904    1.2907    1.2909    1.2912    1.2914    1.2917
    1.2952    1.2954    1.2957    1.2959    1.2962    1.2964    1.2967
    1.3002    1.3004    1.3007    1.3009    1.3012    1.3014    1.3017
    1.3052    1.3054    1.3057    1.3059    1.3062    1.3064    1.3067
    1.3102    1.3104    1.3107    1.3109    1.3112    1.3114    1.3117
    1.3152    1.3154    1.3157    1.3159    1.3162    1.3164    1.3167
    1.3202    1.3204    1.3207    1.3209    1.3212    1.3214    1.3217
    1.3252    1.3254    1.3257    1.3259    1.3262    1.3264    1.3267
    1.3302    1.3304    1.3307    1.3309    1.3312    1.3314    1.3317
    1.3352    1.3354    1.3357    1.3359    1.3362    1.3364    1.3367
    1.3402    1.3404    1.3407    1.3409    1.3412    1.3414    1.3417
    1.3452    1.3454    1.3457    1.3459    1.3462    1.3464    1.3467
    1.3502    1.3504    1.3507    1.3509    1.3512    1.3514    1.3517
    1.3552    1.3554    1.3557    1.3559    1.3562    1.3564    1.3567
    1.3602    1.3604    1.3607    1.3609    1.3612    1.3614    1.3617
    1.3652    1.3654    1.3657    1.3659    1.3662    1.3664    1.3667
    1.3702    1.3704    1.3707    1.3709    1.3712    1.3714    1.3717
    1.3752    1.3754    1.3757    1.3759    1.3762    1.3764    1.3767
    1.3802    1.3804    1.3807    1.3809    1.3812    1.3814    1.3817
    1.3852    1.3854    1.3857    1.3859    1.3862    1.3864    1.3867
    1.3902    1.3904    1.3907    1.3909    1.3912    1.3914    1.3917
    1.3952    1.3954    1.3957    1.3959    1.3962    1.3964    1.3967
    1.4002    1.4004    1.4007    1.4009    1.4012    1.4014    1.4017
    1.4052    1.4054    1.4057    1.4059    1.4062    1.4064    1.4067
    1.4102    1.4104    1.4107    1.4109    1.4112    1.4114    1.4117
    1.4152    1.4154    1.4157    1.4159    1.4162    1.4164    1.4167
    1.4202    1.4204    1.4207    1.4209    1.4212    1.4214    1.4217
    1.4252    1.4254    1.4257    1.4259    1.4262    1.4264    1.4267
    1.4302    1.4304    1.4307    1.4309    1.4312    1.4314    1.4317
    1.4352    1.4354    1.4357    1.4359    1.4362    1.4364    1.4367
    1.4402    1.4404    1.4407    1.4409    1.4412    1.4414    1.4417
    1.4452    1.4454    1.4457    1.4459    1.4462    1.4464    1.4467
    1.4502    1.4504    1.4507    1.4509    1.4512    1.4514    1.4517
    1.4552    1.4554    1.4557    1.4559    1.4562    1.4564    1.4567
    1.4602    1.4604    1.4607    1.4609    1.4612    1.4614    1.4617
    1.4652    1.4654    1.4657    1.4659    1.4662    1.4664    1.4667
    1.4702    1.4704    1.4707    1.4709    1.4712    1.4714    1.4717
    1.4752    1.4754    1.4757    1.4759    1.4762    1.4764    1.4767
    1.4802    1.4804    1.4807    1.4809    1.4812    1.4814    1.4817
    1.4852    1.4854    1.4857    1.4859    1.4862    1.4864    1.4867
    1.4902    1.4904    1.4907    1.4909    1.4912    1.4914    1.4917
    1.4952    1.4954    1.4957    1.4959    1.4962    1.4964    1.4967
    1.5002    1.5004    1.5007    1.5009    1.5012    1.5014    1.5017
    1.5052    1.5054    1.5057    1.5059    1.5062    1.5064    1.5067
    1.5102    1.5104    1.5107    1.5109    1.5112    1.5114    1.5117
    1.5152    1.5154    1.5157    1.5159    1.5162    1.5164    1.5167
    1.5202    1.5204    1.5207    1.5209    1.5212    1.5214    1.5217
    1.5252    1.5254    1.5257    1.5259    1.5262    1.5264    1.5267
    1.5302    1.5304    1.5307    1.5309    1.5312    1.5314    1.5317
    1.5352    1.5354    1.5357    1.5359    1.5362    1.5364    1.5367
    1.5402    1.5404    1.5407    1.5409    1.5412    1.5414    1.5417
    1.5452    1.5454    1.5457    1.5459    1.5462    1.5464    1.5467
    1.5502    1.5504    1.5507    1.5509    1.5512    1.5514    1.5517
    1.5552    1.5554    1.5557    1.5559    1.5562    1.5564    1.5567
    1.5602    1.5604    1.5607    1.5609    1.5612    1.5614    1.5617
    1.5652    1.5654    1.5657    1.5659    1.5662    1.5664    1.5667
    1.5702    1.5704    1.5707    1.5709    1.5712    1.5714    1.5717
    1.5752    1.5754    1.5757    1.5759    1.5762    1.5764    1.5767
    1.5802    1.5804    1.5807    1.5809    1.5812    1.5814    1.5817
    1.5852    1.5854    1.5857    1.5859    1.5862    1.5864    1.5867
    1.5902    1.5904    1.5907    1.5909    1.5912    1.5914    1.5917
    1.5952    1.5954    1.5957    1.5959    1.5962    1.5964    1.5967
    1.6002    1.6004    1.6007    1.6009    1.6012    1.6014    1.6017
    1.6052    1.6054    1.6057    1.6059    1.6062    1.6064    1.6067
    1.6102    1.6104    1.6107    1.6109    1.6112    1.6114    1.6117
    1.6152    1.6154    1.6157    1.6159    1.6162    1.6164    1.6167
    1.6202    1.6204    1.6207    1.6209    1.6212    1.6214    1.6217
    1.6252    1.6254    1.6257    1.6259    1.6262    1.6264    1.6267
    1.6302    1.6304    1.6307    1.6309    1.6312    1.6314    1.6317
    1.6352    1.6354    1.6357    1.6359    1.6362    1.6364    1.6367
    1.6402    1.6404    1.6407    1.6409    1.6412    1.6414    1.6417
    1.6452    1.6454    1.6457    1.6459    1.6462    1.6464    1.6467
    1.6502    1.6504    1.6507    1.6509    1.6512    1.6514    1.6517
    1.6552    1.6554    1.6557    1.6559    1.6562    1.6564    1.6567
    1.6602    1.6604    1.6607    1.6609    1.6612    1.6614    1.6617
    1.6652    1.6654    1.6657    1.6659    1.6662    1.6664    1.6667
    1.6702    1.6704    1.6707    1.6709    1.6712    1.6714    1.6717
    1.6752    1.6754    1.6757    1.6759    1.6762    1.6764    1.6767
    1.6802    1.6804    1.6807    1.6809    1.6812    1.6814    1.6817
    1.6852    1.6854    1.6857    1.6859    1.6862    1.6864    1.6867
    1.6902    1.6904    1.6907    1.6909    1.6912    1.6914    1.6917
    1.6952    1.6954    1.6957    1.6959    1.6962    1.6964    1.6967
    1.7002    1.7004    1.7007    1.7009    1.7012    1.7014    1.7017
    1.7052    1.7054    1.7057    1.7059    1.7062    1.7064    1.7067
    1.7102    1.7104    1.7107    1.7109    1.7112    1.7114    1.7117
    1.7152    1.7154    1.7157    1.7159    1.7162    1.7164    1.7167
    1.7202    1.7204    1.7207    1.7209    1.7212    1.7214    1.7217
    1.7252    1.7254    1.7257    1.7259    1.7262    1.7264    1.7267
    1.7302    1.7304    1.7307    1.7309    1.7312    1.7314    1.7317
    1.7352    1.7354    1.7357    1.7359    1.7362    1.7364    1.7367
    1.7402    1.7404    1.7407    1.7409    1.7412    1.7414    1.7417
    1.7452    1.7454    1.7457    1.7459    1.7462    1.7464    1.7467
    1.7502    1.7504    1.7507    1.7509    1.7512    1.7514    1.7517
    1.7552    1.7554    1.7557    1.7559    1.7562    1.7564    1.7567
    1.7602    1.7604    1.7607    1.7609    1.7612    1.7614    1.7617
    1.7652    1.7654    1.7657    1.7659    1.7662    1.7664    1.7667
    1.7702    1.7704    1.7707    1.7709    1.7712    1.7714    1.7717
    1.7752    1.7754    1.7757    1.7759    1.7762    1.7764    1.7767
    1.7802    1.7804    1.7807    1.7809    1.7812    1.7814    1.7817
    1.7852    1.7854    1.7857    1.7859    1.7862    1.7864    1.7867
    1.7902    1.7904    1.7907    1.7909    1.7912    1.7914    1.7917
    1.7952    1.7954    1.7957    1.7959    1.7962    1.7964    1.7967
    1.8002    1.8004    1.8007    1.8009    1.8012    1.8014    1.8017
    1.8052    1.8054    1.8057    1.8059    1.8062    1.8064    1.8067
    1.8102    1.8104    1.8107    1.8109    1.8112    1.8114    1.8117
    1.8152    1.8154    1.8157    1.8159    1.8162    1.8164    1.8167
    1.8202    1.8204    1.8207    1.8209    1.8212    1.8214    1.8217
    1.8252    1.8254    1.8257    1.8259    1.8262    1.8264    1.8267
    1.8302    1.8304    1.8307    1.8309    1.8312    1.8314    1.8317
    1.8352    1.8354    1.8357    1.8359    1.8362    1.8364    1.8367
    1.8402    1.8404    1.8407    1.8409    1.8412    1.8414    1.8417
    1.8452    1.8454    1.8457    1.8459    1.8462    1.8464    1.8467
    1.8502    1.8504    1.8507    1.8509    1.8512    1.8514    1.8517
    1.8552    1.8554    1.8557    1.8559    1.8562    1.8564    1.8567
    1.8602    1.8604    1.8607    1.8609    1.8612    1.8614    1.8617
    1.8652    1.8654    1.8657    1.8659    1.8662    1.8664    1.8667
    1.8702    1.8704    1.8707    1.8709    1.8712    1.8714    1.8717
    1.8752    1.8754    1.8757    1.8759    1.8762    1.8764    1.8767
    1.8802    1.8804    1.8807    1.8809    1.8812    1.8814    1.8817
    1.8852    1.8854    1.8857    1.8859    1.8862    1.8864    1.8867
    1.8902    1.8904    1.8907    1.8909    1.8912    1.8914    1.8917
    1.8952    1.8954    1.8957    1.8959    1.8962    1.8964    1.8967
    1.9002    1.9004    1.9007    1.9009    1.9012    1.9014    1.9017
    1.9052    1.9054    1.9057    1.9059    1.9062    1.9064    1.9067
    1.9102    1.9104    1.9107    1.9109    1.9112    1.9114    1.9117
    1.9152    1.9154    1.9157    1.9159    1.9162    1.9164    1.9167
    1.9202    1.9204    1.9207    1.9209    1.9212    1.9214    1.9217
    1.9252    1.9254    1.9257    1.9259    1.9262    1.9264    1.9267
    1.9302    1.9304    1.9307    1.9309    1.9312    1.9314    1.9317
    1.9352    1.9354    1.9357    1.9359    1.9362    1.9364    1.9367
    1.9402    1.9404    1.9407    1.9409    1.9412    1.9414    1.9417
    1.9452    1.9454    1.9457    1.9459    1.9462    1.9464    1.9467
    1.9502    1.9504    1.9507    1.9509    1.9512    1.9514    1.9517
    1.9552    1.9554    1.9557    1.9559    1.9562    1.9564    1.9567
    1.9602    1.9604    1.9607    1.9609    1.9612    1.9614    1.9617
    1.9652    1.9654    1.9657    1.9659    1.9662    1.9664    1.9667
    1.9702    1.9704    1.9707    1.9709    1.9712    1.9714    1.9717
    1.9752    1.9754    1.9757    1.9759    1.9762    1.9764    1.9767
    1.9802    1.9804    1.9807    1.9809    1.9812    1.9814    1.9817
    1.9852    1.9854    1.9857    1.9859    1.9862    1.9864    1.9867
    1.9902    1.9904    1.9907    1.9909    1.9912    1.9914    1.9917
    1.9952    1.9954    1.9957    1.9959    1.9962    1.9964    1.9967
    2.0002    2.0004    2.0007    2.0009    2.0012    2.0014    2.0017
    2.0052    2.0054    2.0057    2.0059    2.0062    2.0064    2.0067
    2.0102    2.0104    2.0107    2.0109    2.0112    2.0114    2.0117
    2.0152    2.0154    2.0157    2.0159    2.0162    2.0164    2.0167
    2.0202    2.0204    2.0207    2.0209    2.0212    2.0214    2.0217
    2.0252    2.0254    2.0257    2.0259    2.0262    2.0264    2.0267
    2.0302    2.0304    2.0307    2.0309    2.0312    2.0314    2.0317
    2.0352    2.0354    2.0357    2.0359    2.0362    2.0364    2.0367
    2.0402    2.0404    2.0407    2.0409    2.0412    2.0414    2.0417
    2.0452    2.0454    2.0457    2.0459    2.0462    2.0464    2.0467
    2.0502    2.0504    2.0507    2.0509    2.0512    2.0514    2.0517
    2.0552    2.0554    2.0557    2.0559    2.0562    2.0564    2.0567
    2.0602    2.0604    2.0607    2.0609    2.0612    2.0614    2.0617
    2.0652    2.0654    2.0657    2.0659    2.0662    2.0664    2.0667
    2.0702    2.0704    2.0707    2.0709    2.0712    2.0714    2.0717
    2.0752    2.0754    2.0757    2.0759    2.0762    2.0764    2.0767
    2.0802    2.0804    2.0807    2.0809    2.0812    2.0814    2.0817
    2.0852    2.0854    2.0857    2.0859    2.0862    2.0864    2.0867
    2.0902    2.0904    2.0907    2.0909    2.0912    2.0914    2.0917
    2.0952    2.0954    2.0957    2.0959    2.0962    2.0964    2.0967
    2.1002    2.1004    2.1007    2.1009    2.1012    2.1014    2.1017
    2.1052    2.1054    2.1057    2.1059    2.1062    2.1064    2.1067
    2.1102    2.1104    2.1107    2.1109    2.1112    2.1114    2.1117
    2.1152    2.1154    2.1157    2.1159    2.1162    2.1164    2.1167
    2.1202    2.1204    2.1207    2.1209    2.1212    2.1214    2.1217
    2.1252    2.1254    2.1257    2.1259    2.1262    2.1264    2.1267
    2.1302    2.1304    2.1307    2.1309    2.1312    2.1314    2.1317
    2.1352    2.1354    2.1357    2.1359    2.1362    2.1364    2.1367
    2.1402    2.1404    2.1407    2.1409    2.1412    2.1414    2.1417
    2.1452    2.1454    2.1457    2.1459    2.1462    2.1464    2.1467
    2.1502    2.1504    2.1507    2.1509    2.1512    2.1514    2.1517
    2.1552    2.1554    2.1557    2.1559    2.1562    2.1564    2.1567
    2.1602    2.1604    2.1607    2.1609    2.1612    2.1614    2.1617
    2.1652    2.1654    2.1657    2.1659    2.1662    2.1664    2.1667
    2.1702    2.1704    2.1707    2.1709    2.1712    2.1714    2.1717
    2.1752    2.1754    2.1757    2.1759    2.1762    2.1764    2.1767
    2.1802    2.1804    2.1807    2.1809    2.1812    2.1814    2.1817
    2.1852    2.1854    2.1857    2.1859    2.1862    2.1864    2.1867
    2.1902    2.1904    2.1907    2.1909    2.1912    2.1914    2.1917
    2.1952    2.1954    2.1957    2.1959    2.1962    2.1964    2.1967
    2.2002    2.2004    2.2007    2.2009    2.2012    2.2014    2.2017
    2.2052    2.2054    2.2057    2.2059    2.2062    2.2064    2.2067
    2.2102    2.2104    2.2107    2.2109    2.2112    2.2114    2.2117
    2.2152    2.2154    2.2157    2.2159    2.2162    2.2164    2.2167
    2.2202    2.2204    2.2207    2.2209    2.2212    2.2214    2.2217
    2.2252    2.2254    2.2257    2.2259    2.2262    2.2264    2.2267
    2.2302    2.2304    2.2307    2.2309    2.2312    2.2314    2.2317
    2.2352    2.2354    2.2357    2.2359    2.2362    2.2364    2.2367
    2.2402    2.2404    2.2407    2.2409    2.2412    2.2414    2.2417
    2.2452    2.2454    2.2457    2.2459    2.2462    2.2464    2.2467
    2.2502    2.2504    2.2507    2.2509    2.2512    2.2514    2.2517
    2.2552    2.2554    2.2557    2.2559    2.2562    2.2564    2.2567
    2.2602    2.2604    2.2607    2.2609    2.2612    2.2614    2.2617
    2.2652    2.2654    2.2657    2.2659    2.2662    2.2664    2.2667
    2.2702    2.2704    2.2707    2.2709    2.2712    2.2714    2.2717
    2.2752    2.2754    2.2757    2.2759    2.2762    2.2764    2.2767
    2.2802    2.2804    2.2807    2.2809    2.2812    2.2814    2.2817
    2.2852    2.2854    2.2857    2.2859    2.2862    2.2864    2.2867
    2.2902    2.2904    2.2907    2.2909    2.2912    2.2914    2.2917
    2.2952    2.2954    2.2957    2.2959    2.2962    2.2964    2.2967
    2.3002    2.3004    2.3007    2.3009    2.3012    2.3014    2.3017
    2.3052    2.3054    2.3057    2.3059    2.3062    2.3064    2.3067
    2.3102    2.3104    2.3107    2.3109    2.3112    2.3114    2.3117
    2.3152    2.3154    2.3157    2.3159    2.3162    2.3164    2.3167
    2.3202    2.3204    2.3207    2.3209    2.3212    2.3214    2.3217
    2.3252    2.3254    2.3257    2.3259    2.3262    2.3264    2.3267
    2.3302    2.3304    2.3307    2.3309    2.3312    2.3314    2.3317
    2.3352    2.3354    2.3357    2.3359    2.3362    2.3364    2.3367
    2.3402    2.3404    2.3407    2.3409    2.3412    2.3414    2.3417
    2.3452    2.3454    2.3457    2.3459    2.3462    2.3464    2.3467
    2.3502    2.3504    2.3507    2.3509    2.3512    2.3514    2.3517
    2.3552    2.3554    2.3557    2.3559    2.3562    2.3564    2.3567
    2.3602    2.3604    2.3607    2.3609    2.3612    2.3614    2.3617
    2.3652    2.3654    2.3657    2.3659    2.3662    2.3664    2.3667
    2.3702    2.3704    2.3707    2.3709    2.3712    2.3714    2.3717
    2.3752    2.3754    2.3757    2.3759    2.3762    2.3764    2.3767
    2.3802    2.3804    2.3807    2.3809    2.3812    2.3814    2.3817
    2.3852    2.3854    2.3857    2.3859    2.3862    2.3864    2.3867
    2.3902    2.3904    2.3907    2.3909    2.3912    2.3914    2.3917