  5.7281369e-001  2.4526700e-001  4.4788337e-001  2.0428715e-001
  1.5190364e+000  2.4636567e-001  4.4433736e-001  1.8651759e-001
  2.3300175e+000  2.4772092e-001  4.4210054e-001  1.7381377e-001
  3.1590658e+000  2.5014853e-001  4.4001503e-001  1.6343888e-001
  3.9698189e+000  2.5066168e-001  4.3761374e-001  1.5506396e-001
  4.8090156e+000  2.5095773e-001  4.3537692e-001  1.4787982e-001
  5.6189972e+000  2.5205640e-001  4.3302826e-001  1.4200488e-001
  6.4490258e+000  2.5275376e-001  4.3173880e-001  1.3705756e-001
  7.2698249e+000  2.5370770e-001  4.2987698e-001  1.3287340e-001
  8.0901351e+000  2.5462217e-001  4.2810726e-001  1.2932738e-001
  8.8989464e+000  2.5467480e-001  4.2649543e-001  1.2626162e-001
  9.7103550e+000  2.5488532e-001  4.2500203e-001  1.2368928e-001
  1.0518778e+001  2.5506295e-001  4.2333757e-001  1.2136035e-001
  1.1330244e+001  2.5506953e-001  4.2204811e-001  1.1934722e-001
  1.2139145e+001  2.5502348e-001  4.2131127e-001  1.1761697e-001
  1.2970115e+001  2.5584584e-001  4.1956129e-001  1.1595909e-001
  1.3798825e+001  2.5783924e-001  4.1636396e-001  1.1441964e-001
  1.4610032e+001  2.5545111e-001  4.1757447e-001  1.1318938e-001
  1.5418737e+001  2.5462217e-001  4.1581133e-001  1.1215650e-001
  1.6238830e+001  2.5586557e-001  4.1581791e-001  1.1109730e-001
  1.7059196e+001  2.5567479e-001  4.1460082e-001  1.1006442e-001
  1.7878689e+001  2.5599057e-001  4.1387714e-001  1.0914337e-001
  1.8710478e+001  2.5439191e-001  4.1164032e-001  1.0833417e-001
  1.9538742e+001  2.5535242e-001  4.1229163e-001  1.0755786e-001
  2.0358707e+001  2.5535242e-001  4.1149558e-001  1.0683419e-001
  2.1188608e+001  2.5380639e-001  4.1114690e-001  1.0613025e-001
  2.2018611e+001  2.5656294e-001  4.1033770e-001  1.0552499e-001
  2.2830896e+001  2.5563531e-001  4.0916666e-001  1.0489342e-001
  2.3649813e+001  2.5569452e-001  4.0853509e-001  1.0435395e-001
  2.4470027e+001  2.5535900e-001  4.0819956e-001  1.0390000e-001
  2.5289712e+001  2.5656952e-001  4.0771931e-001  1.0326185e-001
  2.6118652e+001  2.5545768e-001  4.0723247e-001  1.0290659e-001
  2.6929736e+001  2.5609584e-001  4.0675879e-001  1.0232107e-001
  2.7738465e+001  2.5591163e-001  4.0616669e-001  1.0190660e-001
  2.8568561e+001  2.5610241e-001  4.0578511e-001  1.0148556e-001
  2.9398519e+001  2.5376691e-001  4.0566669e-001  1.0122898e-001
  3.0218560e+001  2.5587873e-001  4.0483776e-001  1.0076188e-001
  3.1049444e+001  2.5561558e-001  4.0437723e-001  1.0038030e-001
  3.1878474e+001  2.5510900e-001  4.0470618e-001  1.0003820e-001
  3.2698382e+001  2.5524716e-001  4.0298909e-001  9.9650048e-002
  3.3529649e+001  2.5612873e-001  4.0297593e-001  9.9314525e-002
  3.4358389e+001  2.5576689e-001  4.0246278e-001  9.9018475e-002
  3.5178373e+001  2.5607610e-001  4.0252199e-001  9.8709268e-002
  3.6009397e+001  2.5589847e-001  4.0214699e-001  9.8419797e-002
  3.6838313e+001  2.5579979e-001  4.0192331e-001  9.8117169e-002
  3.7678386e+001  2.5447085e-001  4.0173252e-001  9.7847434e-002
  3.8509255e+001  2.5651031e-001  4.0110095e-001  9.7551385e-002
  3.9329164e+001  2.5452348e-001  4.0143647e-001  9.7393492e-002
  4.0158266e+001  2.5748398e-001  4.0022596e-001  9.6834287e-002
  4.0990079e+001  2.5618136e-001  4.0017991e-001  9.6715867e-002
  4.1809438e+001  2.5568795e-001  4.0006807e-001  9.6485606e-002
  4.2638196e+001  2.5595110e-001  3.9921281e-001  9.6268503e-002
  4.3469153e+001  2.5626031e-001  3.9933123e-001  9.5886928e-002
  4.4289180e+001  2.5630636e-001  3.9927202e-001  9.5761929e-002
  4.5118178e+001  2.5609584e-001  3.9927202e-001  9.5479037e-002
  4.5949319e+001  2.5599057e-001  3.9862729e-001  9.5261934e-002
  4.6769063e+001  2.5649057e-001  3.9864703e-001  9.5104041e-002
  4.7598121e+001  2.5590505e-001  3.9839045e-001  9.4801413e-002
  4.8429362e+001  2.5648399e-001  3.9802203e-001  9.4564573e-002
  4.9268197e+001  2.5618136e-001  3.9745625e-001  9.4419838e-002
  5.0098085e+001  2.5687872e-001  3.9742336e-001  9.4104051e-002
  5.0938077e+001  2.5704977e-001  3.9707468e-001  9.3854054e-002
  5.1778040e+001  2.5608926e-001  3.9698257e-001  9.3650108e-002
  5.2618092e+001  2.5642478e-001  3.9621942e-001  9.3452742e-002
  5.3468100e+001  2.5678004e-001  3.9629179e-001  9.3051430e-002
  5.4289034e+001  2.5665504e-001  3.9612732e-001  9.3018536e-002
  5.5138032e+001  2.5698398e-001  3.9589706e-001  9.2755381e-002
  5.5977999e+001  2.5613531e-001  3.9568653e-001  9.2630382e-002
  5.6818080e+001  2.5673399e-001  3.9566680e-001  9.2479068e-002
  5.7658065e+001  2.5668136e-001  3.9571943e-001  9.2209334e-002
  5.8507956e+001  2.5719451e-001  3.9531154e-001  9.2077756e-002
  5.9347894e+001  2.5703662e-001  3.9514706e-001  9.1808022e-002
  6.0188018e+001  2.5692477e-001  3.9492996e-001  9.1663286e-002
  6.1017892e+001  2.5724714e-001  3.9423918e-001  9.1452762e-002
  6.1858076e+001  2.5758924e-001  3.9389050e-001  9.1294869e-002
  6.2697989e+001  2.5666162e-001  3.9446286e-001  9.1202765e-002
  6.3537940e+001  2.5745109e-001  3.9341682e-001  9.1038293e-002
  6.4387924e+001  2.5650373e-001  3.9396944e-001  9.0880400e-002
  6.5229176e+001  2.5730635e-001  3.9369971e-001  9.0564613e-002
  6.6068496e+001  2.5770108e-001  3.9349576e-001  9.0393562e-002
  6.6909068e+001  2.5760240e-001  3.9317998e-001  9.0268564e-002
  6.7757858e+001  2.5749714e-001  3.9296945e-001  9.0090934e-002
  6.8597856e+001  2.5758924e-001  3.9270630e-001  8.9939620e-002
  6.9428738e+001  2.5764845e-001  3.9291024e-001  8.9636991e-002
  7.0267708e+001  2.5813529e-001  3.9210762e-001  8.9544887e-002
  7.1107726e+001  2.5727346e-001  3.9235104e-001  8.9380415e-002
  7.1937832e+001  2.5764845e-001  3.9193657e-001  8.9281732e-002
  7.2777787e+001  2.5721425e-001  3.9196289e-001  8.9090944e-002
  7.3617673e+001  2.5770766e-001  3.9205499e-001  8.8952788e-002
  7.4477609e+001  2.5862213e-001  3.9089711e-001  8.8794894e-002
  7.5317683e+001  2.5755635e-001  3.9144973e-001  8.8814631e-002
  7.6157615e+001  2.5836555e-001  3.9100895e-001  8.8538318e-002
  7.7007737e+001  2.5712872e-001  3.9166684e-001  8.8380425e-002
  7.7847702e+001  2.5945106e-001  3.8977870e-001  8.8123849e-002
  7.8677578e+001  2.5877344e-001  3.9041685e-001  8.8012008e-002
  7.9527646e+001  2.5885239e-001  3.8993001e-001  8.7860693e-002
  8.0377539e+001  2.5856949e-001  3.9004185e-001  8.7669906e-002
  8.1217612e+001  2.5856292e-001  3.9079842e-001  8.7426487e-002
  8.2057594e+001  2.5810897e-001  3.8969975e-001  8.7314646e-002
  8.2897604e+001  2.5808266e-001  3.8923923e-001  8.7222542e-002
  8.3748451e+001  2.5885897e-001  3.8951554e-001  8.6959387e-002
  8.4588379e+001  2.5860239e-001  3.8903528e-001  8.6768599e-002
  8.5428309e+001  2.5893133e-001  3.8891686e-001  8.6571233e-002
  8.6267405e+001  2.5889186e-001  3.8942344e-001  8.6479128e-002
  8.7117393e+001  2.5897081e-001  3.8867345e-001  8.6301499e-002
  8.7968526e+001  2.5903002e-001  3.8867345e-001  8.6137026e-002
  8.8817386e+001  2.5825371e-001  3.8846950e-001  8.6018607e-002
  8.9668396e+001  2.5934580e-001  3.8819319e-001  8.5913345e-002
  9.0517419e+001  2.5927344e-001  3.8802871e-001  8.5715978e-002
  9.1357427e+001  2.5887870e-001  3.8811424e-001  8.5577822e-002
  9.2197455e+001  2.6003659e-001  3.8779845e-001  8.5406771e-002
  9.3057446e+001  2.5891818e-001  3.8812082e-001  8.5215983e-002
  9.3917404e+001  2.6022737e-001  3.8798924e-001  8.5196247e-002
  9.4757274e+001  2.6016816e-001  3.8704188e-001  8.4998880e-002
  9.5597365e+001  2.6189841e-001  3.8618663e-001  8.4821250e-002
  9.6457320e+001  2.5854318e-001  3.8704846e-001  8.4643621e-002
  9.7317239e+001  2.6048395e-001  3.8759451e-001  8.4459412e-002
  9.8177237e+001  2.5959580e-001  3.8644978e-001  8.4321255e-002
  9.9017172e+001  2.5978001e-001  3.8475243e-001  8.4288361e-002
  9.9857180e+001  2.6044448e-001  3.8636426e-001  8.4104152e-002
  1.0071726e+002  2.5913528e-001  3.8633794e-001  8.3906786e-002
  1.0155721e+002  2.6004974e-001  3.8571953e-001  8.3762051e-002
  1.0239721e+002  2.6156289e-001  3.8548269e-001  8.3492316e-002
  1.0324803e+002  2.5933922e-001  3.8544979e-001  8.3505474e-002
  1.0408831e+002  2.6039842e-001  3.8556821e-001  8.3400212e-002
  1.0492819e+002  2.6058921e-001  3.8552874e-001  8.3209425e-002
  1.0578715e+002  2.5983922e-001  3.8503532e-001  8.3196267e-002
  1.0664716e+002  2.6071421e-001  3.8495638e-001  8.2985743e-002
  1.0750716e+002  2.6003659e-001  3.8505506e-001  8.2755482e-002
  1.0834804e+002  2.6016816e-001  3.8456164e-001  8.2663377e-002
  1.0920700e+002  2.6084579e-001  3.8479848e-001  8.2617325e-002
  1.1005707e+002  2.6079316e-001  3.8424586e-001  8.2426538e-002
  1.1092710e+002  2.6046421e-001  3.8470638e-001  8.2301539e-002
  1.1177699e+002  2.6113526e-001  3.8418007e-001  8.2169961e-002
  1.1263703e+002  2.6114842e-001  3.8368665e-001  8.1946279e-002
  1.1349697e+002  2.6099710e-001  3.8396955e-001  8.1946279e-002
  1.1434690e+002  2.6127999e-001  3.8357481e-001  8.1709440e-002
  1.1520691e+002  2.6160236e-001  3.8360771e-001  8.1525231e-002
  1.1606688e+002  2.6107605e-001  3.8319324e-001  8.1367338e-002
  1.1692687e+002  2.6145104e-001  3.8306166e-001  8.1275234e-002
  1.1778698e+002  2.6107605e-001  3.8338402e-001  8.1123919e-002
  1.1863785e+002  2.6167473e-001  3.8271298e-001  8.1012078e-002
  1.1949785e+002  2.6159578e-001  3.8252877e-001  8.0867343e-002
  1.2035777e+002  2.6173394e-001  3.8209456e-001  8.0709450e-002
  1.2121773e+002  2.6166157e-001  3.8208799e-001  8.0518662e-002
  1.2207689e+002  2.6175367e-001  3.8205509e-001  8.0479189e-002
  1.2292677e+002  2.6212209e-001  3.8157483e-001  8.0347611e-002
  1.2378680e+002  2.6183262e-001  3.8191693e-001  8.0202876e-002
  1.2464683e+002  2.6193130e-001  3.8165378e-001  8.0104193e-002
  1.2550679e+002  2.6218130e-001  3.8173273e-001  7.9998931e-002
  1.2636683e+002  2.6181946e-001  3.8106168e-001  7.9952878e-002
  1.2721752e+002  2.6227340e-001  3.8116694e-001  7.9762091e-002
  1.2807680e+002  2.6226025e-001  3.8114063e-001  7.9696302e-002
  1.2895667e+002  2.6234577e-001  3.8083142e-001  7.9591040e-002
  1.2980673e+002  2.6328655e-001  3.8048932e-001  7.9597619e-002
  1.3066668e+002  2.6294445e-001  3.7952222e-001  7.9354200e-002
  1.3152664e+002  2.6236551e-001  3.7996959e-001  7.9288412e-002
  1.3238674e+002  2.6225367e-001  3.8032485e-001  7.9084466e-002
  1.3324658e+002  2.6238525e-001  3.8027221e-001  7.9077887e-002
  1.3409759e+002  2.6218788e-001  3.8026564e-001  7.8966046e-002
  1.3495766e+002  2.6276024e-001  3.7948933e-001  7.8775259e-002
  1.3581743e+002  2.6272077e-001  3.7971301e-001  7.8630523e-002
  1.3668663e+002  2.6337208e-001  3.7950906e-001  7.8525261e-002
  1.3754649e+002  2.6270103e-001  3.7929196e-001  7.8387105e-002
  1.3840659e+002  2.6310892e-001  3.7863407e-001  7.8150265e-002
  1.3927660e+002  2.6321418e-001  3.7866697e-001  7.8058161e-002
  1.4015646e+002  2.6322734e-001  3.7868012e-001  7.7913425e-002
  1.4102655e+002  2.6304971e-001  3.7854855e-001  7.7762111e-002
  1.4188650e+002  2.6470759e-001  3.7850250e-001  7.7545008e-002
  1.4275639e+002  2.6347076e-001  3.7825908e-001  7.7479219e-002
  1.4361640e+002  2.6395102e-001  3.7800250e-001  7.7262116e-002
  1.4447646e+002  2.6376023e-001  3.7791697e-001  7.7229222e-002
  1.4533641e+002  2.6352997e-001  3.7828539e-001  7.7097644e-002
  1.4620648e+002  2.6331945e-001  3.7756172e-001  7.6946330e-002
  1.4707646e+002  2.6376681e-001  3.7752882e-001  7.6795016e-002
  1.4795638e+002  2.6419444e-001  3.7748935e-001  7.6591070e-002
  1.4882632e+002  2.6374050e-001  3.7704856e-001  7.6538439e-002
  1.4968637e+002  2.6437207e-001  3.7755514e-001  7.6393704e-002
  1.5054627e+002  2.6413523e-001  3.7695646e-001  7.6262126e-002
  1.5141633e+002  2.6395102e-001  3.7712093e-001  7.6170022e-002
  1.5228625e+002  2.6415496e-001  3.7681830e-001  7.5906867e-002
  1.5316637e+002  2.6458259e-001  3.7687093e-001  7.5873972e-002
  1.5403629e+002  2.6426681e-001  3.7624594e-001  7.5709500e-002
  1.5490624e+002  2.6481285e-001  3.7636436e-001  7.5630554e-002
  1.5578624e+002  2.6535890e-001  3.7582489e-001  7.5439766e-002
  1.5664614e+002  2.6427338e-001  3.7619989e-001  7.5308189e-002
  1.5751625e+002  2.6533916e-001  3.7644988e-001  7.5051612e-002
  1.5838621e+002  2.6452996e-001  3.7598936e-001  7.4992402e-002
  1.5926610e+002  2.6410891e-001  3.7555516e-001  7.4788457e-002
  1.6013718e+002  2.6434575e-001  3.7551568e-001  7.4643722e-002
  1.6099767e+002  2.6426681e-001  3.7611436e-001  7.4650301e-002
  1.6185687e+002  2.6455628e-001  3.7548937e-001  7.4459513e-002
  1.6272614e+002  2.6464838e-001  3.7493674e-001  7.4268725e-002
  1.6358605e+002  2.6420760e-001  3.7551568e-001  7.4202937e-002
  1.6445604e+002  2.6465496e-001  3.7462096e-001  7.4018728e-002
  1.6531606e+002  2.6514838e-001  3.7444333e-001  7.3893729e-002
  1.6617689e+002  2.6564179e-001  3.7443017e-001  7.3775309e-002
  1.6704608e+002  2.6520759e-001  3.7458806e-001  7.3637153e-002
  1.6793599e+002  2.6539837e-001  3.7459464e-001  7.3413471e-002
  1.6880600e+002  2.6523390e-001  3.7396307e-001  7.3295051e-002
  1.6968604e+002  2.6547732e-001  3.7394991e-001  7.3209526e-002
  1.7055590e+002  2.6585890e-001  3.7397622e-001  7.3031896e-002
  1.7142587e+002  2.6535890e-001  3.7375254e-001  7.2959528e-002
  1.7230596e+002  2.6570758e-001  3.7300255e-001  7.2821372e-002
  1.7316594e+002  2.6626679e-001  3.7287097e-001  7.2624005e-002
  1.7405582e+002  2.6554311e-001  3.7338413e-001  7.2525322e-002
  1.7492593e+002  2.6557600e-001  3.7343676e-001  7.2327956e-002
  1.7581584e+002  2.6589837e-001  3.7301571e-001  7.2242430e-002
  1.7667661e+002  2.6614837e-001  3.7221308e-001  7.1966117e-002
  1.7756585e+002  2.6569442e-001  3.7255519e-001  7.1999012e-002
  1.7843578e+002  2.6612205e-001  3.7258808e-001  7.1880592e-002
  1.7932584e+002  2.6595100e-001  3.7239729e-001  7.1762172e-002
  1.8021573e+002  2.6476680e-001  3.7324597e-001  7.1683225e-002
  1.8110579e+002  2.6633257e-001  3.7187756e-001  7.1610858e-002
  1.8197585e+002  2.6641810e-001  3.7152888e-001  7.1505595e-002
  1.8286574e+002  2.6595758e-001  3.7128546e-001  7.1301650e-002
  1.8375565e+002  2.6653652e-001  3.7144993e-001  7.1216125e-002
  1.8464580e+002  2.6625363e-001  3.7145651e-001  7.1137178e-002
  1.8553565e+002  2.6662205e-001  3.7088415e-001  7.1031916e-002
  1.8640563e+002  2.6664836e-001  3.7134467e-001  7.0906917e-002
  1.8729572e+002  2.6673389e-001  3.7120652e-001  7.0788497e-002
  1.8818559e+002  2.6648389e-001  3.7103547e-001  7.0735866e-002
  1.8907556e+002  2.6711546e-001  3.7077231e-001  7.0610868e-002
  1.8994562e+002  2.6599047e-001  3.7085126e-001  7.0571394e-002
  1.9083561e+002  2.6660231e-001  3.7059468e-001  7.0406922e-002
  1.9172553e+002  2.6635231e-001  3.7037100e-001  7.0249029e-002
  1.9261552e+002  2.6680625e-001  3.7019337e-001  7.0110873e-002
  1.9350559e+002  2.6715493e-001  3.7019337e-001  6.9972716e-002
  1.9439549e+002  2.6689836e-001  3.6996311e-001  6.9755613e-002
  1.9526545e+002  2.6754309e-001  3.7013416e-001  6.9722719e-002
  1.9613651e+002  2.6681941e-001  3.6981179e-001  6.9637193e-002
  1.9701694e+002  2.6718783e-001  3.6930522e-001  6.9479300e-002
  1.9790547e+002  2.6729309e-001  3.6954864e-001  6.9354301e-002
  1.9879552e+002  2.6795756e-001  3.6903549e-001  6.9209566e-002
  1.9968554e+002  2.6763519e-001  3.6952890e-001  6.9150356e-002
  2.0057548e+002  2.6712204e-001  3.6909470e-001  6.9018779e-002
  2.0145534e+002  2.6776019e-001  3.6906180e-001  6.8979305e-002
  2.0234544e+002  2.6804308e-001  3.6858154e-001  6.8827991e-002
  2.0323540e+002  2.6709572e-001  3.6806181e-001  6.8729308e-002
  2.0414531e+002  2.6777335e-001  3.6816707e-001  6.8597730e-002
  2.0503529e+002  2.6804308e-001  3.6812760e-001  6.8479310e-002
  2.0592538e+002  2.6767467e-001  3.6812102e-001  6.8281944e-002
  2.0681528e+002  2.6780624e-001  3.6822628e-001  6.8288523e-002
  2.0769525e+002  2.6762861e-001  3.6768681e-001  6.8124051e-002
  2.0858529e+002  2.6825361e-001  3.6759471e-001  6.8084577e-002
  2.0949520e+002  2.6706283e-001  3.6767366e-001  6.8025367e-002
  2.1038531e+002  2.6871413e-001  3.6727235e-001  6.7867474e-002
  2.1127526e+002  2.6804966e-001  3.6756182e-001  6.7814843e-002
  2.1216514e+002  2.6852992e-001  3.6666051e-001  6.7689845e-002
  2.1305525e+002  2.6922728e-001  3.6619341e-001  6.7354322e-002
  2.1393522e+002  2.6727993e-001  3.6721971e-001  6.7499057e-002
  2.1482513e+002  2.6867466e-001  3.6635788e-001  6.7229323e-002
  2.1571617e+002  2.6862860e-001  3.6678551e-001  6.7110903e-002
  2.1662511e+002  2.6887860e-001  3.6614736e-001  6.6900379e-002
  2.1751516e+002  2.6820098e-001  3.6629209e-001  6.6854327e-002
  2.1840505e+002  2.6868123e-001  3.6610788e-001  6.6703012e-002
  2.1929503e+002  2.6880623e-001  3.6575262e-001  6.6571435e-002
  2.2019499e+002  2.6851676e-001  3.6618683e-001  6.6387226e-002
  2.2108511e+002  2.6891150e-001  3.6583815e-001  6.6242491e-002
  2.2197501e+002  2.6940491e-001  3.6574604e-001  6.6170123e-002
  2.2286507e+002  2.6908913e-001  3.6546315e-001  6.6031967e-002
  2.2376495e+002  2.6911544e-001  3.6546315e-001  6.5953020e-002
  2.2467493e+002  2.6923386e-001  3.6509474e-001  6.5781969e-002
  2.2556500e+002  2.6833255e-001  3.6537105e-001  6.5630655e-002
  2.2645490e+002  2.6912202e-001  3.6516052e-001  6.5571445e-002
  2.2735486e+002  2.6936544e-001  3.6469342e-001  6.5453025e-002
  2.2826485e+002  2.6941149e-001  3.6436448e-001  6.5387236e-002
  2.2916491e+002  2.6937860e-001  3.6473290e-001  6.5249080e-002
  2.3005494e+002  2.6951675e-001  3.6431843e-001  6.5130660e-002
  2.3094487e+002  2.6943123e-001  3.6441711e-001  6.5025398e-002
  2.3184491e+002  2.6918781e-001  3.6387764e-001  6.4946451e-002
  2.3275491e+002  2.7041806e-001  3.6296976e-001  6.4788558e-002
  2.3365474e+002  2.6854966e-001  3.6489737e-001  6.4762243e-002
  2.3454593e+002  2.6929307e-001  3.6385133e-001  6.4492508e-002
  2.3546483e+002  2.6926676e-001  3.6372633e-001  6.4347773e-002
  2.3648481e+002  2.6998385e-001  3.6319344e-001  6.4301721e-002
  2.3737481e+002  2.7010227e-001  3.6350923e-001  6.4097776e-002
  2.3827472e+002  2.6922728e-001  3.6430527e-001  6.4078039e-002
  2.3918475e+002  2.6963517e-001  3.6346317e-001  6.3867515e-002
  2.4008473e+002  2.7043780e-001  3.6245660e-001  6.3722779e-002
  2.4099463e+002  2.6907597e-001  3.6285792e-001  6.3689885e-002
  2.4189487e+002  2.6933254e-001  3.6315397e-001  6.3571465e-002
  2.4278462e+002  2.7037201e-001  3.6223292e-001  6.3235942e-002
  2.4367471e+002  2.6958254e-001  3.6235792e-001  6.3235942e-002
  2.4456460e+002  2.6719441e-001  3.6340396e-001  6.3367520e-002
  2.4545455e+002  2.6995096e-001  3.6210792e-001  6.2946471e-002
  2.4634454e+002  2.7056279e-001  3.6118030e-001  6.2821473e-002
  2.4725451e+002  2.7025359e-001  3.6176582e-001  6.2663580e-002
  2.4813448e+002  2.6974043e-001  3.6214082e-001  6.2525423e-002
  2.4905452e+002  2.7030622e-001  3.6206187e-001  6.2426740e-002
  2.4996456e+002  2.7163515e-001  3.6129872e-001  6.2255689e-002
  2.5086463e+002  2.7072069e-001  3.6141056e-001  6.2157006e-002
  2.5176443e+002  2.7036543e-001  3.6089083e-001  6.2130690e-002
  2.5267455e+002  2.7026675e-001  3.6097636e-001  6.2005692e-002
  2.5357441e+002  2.6955623e-001  3.6146977e-001  6.1992534e-002
  2.5448454e+002  2.7066806e-001  3.6012110e-001  6.1696484e-002
  2.5537446e+002  2.7051674e-001  3.6079873e-001  6.1663590e-002
  2.5627438e+002  2.7057595e-001  3.6072636e-001  6.1591222e-002
  2.5718445e+002  2.7018122e-001  3.6039084e-001  6.1453066e-002
  2.5808443e+002  2.7042464e-001  3.6016057e-001  6.1400434e-002
  2.5899431e+002  2.7039174e-001  3.5986453e-001  6.1229384e-002
  2.5989444e+002  2.7038517e-001  3.5963426e-001  6.1183331e-002
  2.6080439e+002  2.6928649e-001  3.6041057e-001  6.1124121e-002
  2.6169439e+002  2.7105621e-001  3.5950927e-001  6.0946492e-002
  2.6259423e+002  2.7045753e-001  3.5939085e-001  6.0814914e-002
  2.6350434e+002  2.7077990e-001  3.6037768e-001  6.0683336e-002
  2.6440433e+002  2.7072069e-001  3.5945663e-001  6.0558338e-002
  2.6531426e+002  2.7101016e-001  3.5924611e-001  6.0485970e-002
  2.6621418e+002  2.7087200e-001  3.5879875e-001  6.0360971e-002
  2.6712418e+002  2.7108253e-001  3.5850928e-001  6.0334656e-002
  2.6802414e+002  2.7103647e-001  3.5838428e-001  6.0216236e-002
  2.6894426e+002  2.7113516e-001  3.5873954e-001  6.0025448e-002
  2.6985410e+002  2.7080621e-001  3.5859480e-001  5.9953081e-002
  2.7075407e+002  2.7095095e-001  3.5786455e-001  5.9920186e-002
  2.7167416e+002  2.7081937e-001  3.5850270e-001  5.9729399e-002
  2.7258407e+002  2.7074042e-001  3.5785139e-001  5.9571506e-002
  2.7348409e+002  2.7062858e-001  3.5813428e-001  5.9472822e-002
  2.7438415e+002  2.7033253e-001  3.5814744e-001  5.9367560e-002
  2.7529401e+002  2.7140489e-001  3.5783165e-001  5.9229404e-002
  2.7619399e+002  2.7097069e-001  3.5776586e-001  5.9170194e-002
  2.7710400e+002  2.7182594e-001  3.5664087e-001  5.8946512e-002
  2.7800402e+002  2.7139173e-001  3.5748955e-001  5.8933354e-002
  2.7891407e+002  2.7239830e-001  3.5650272e-001  5.8808355e-002
  2.7982401e+002  2.7110884e-001  3.5723297e-001  5.8630726e-002
  2.8073405e+002  2.7138516e-001  3.5598956e-001  5.8551779e-002
  2.8169402e+002  2.7294435e-001  3.5573957e-001  5.8518885e-002
  2.8259390e+002  2.7113516e-001  3.5662772e-001  5.8367570e-002
  2.8350389e+002  2.7165489e-001  3.5665403e-001  5.8255729e-002
  2.8442393e+002  2.7151673e-001  3.5514089e-001  5.8124152e-002
  2.8532385e+002  2.7005622e-001  3.5614088e-001  5.8110994e-002
  2.8624382e+002  2.7156278e-001  3.5628561e-001  5.7788629e-002
  2.8715378e+002  2.7189173e-001  3.5557509e-001  5.7768892e-002
  2.8807386e+002  2.7161542e-001  3.5552246e-001  5.7578105e-002
  2.8899381e+002  2.7166805e-001  3.5549615e-001  5.7492579e-002
  2.8991381e+002  2.7190489e-001  3.5552904e-001  5.7420212e-002
  2.9083375e+002  2.7124042e-001  3.5563430e-001  5.7308371e-002
  2.9175386e+002  2.7252330e-001  3.5422642e-001  5.7117583e-002
  2.9265380e+002  2.7176673e-001  3.5475273e-001  5.7058373e-002
  2.9359372e+002  2.7176673e-001  3.5504221e-001  5.7005742e-002
  2.9451369e+002  2.7208252e-001  3.5529220e-001  5.6847849e-002
  2.9543363e+002  2.7235883e-001  3.5529220e-001  5.6637325e-002
  2.9635375e+002  2.7221409e-001  3.5445669e-001  5.6604430e-002
  2.9727375e+002  2.7211541e-001  3.5431195e-001  5.6525484e-002
  2.9819369e+002  2.7240488e-001  3.5404222e-001  5.6321538e-002
  2.9911360e+002  2.7182594e-001  3.5398301e-001  5.6255750e-002
  3.0003367e+002  2.7176015e-001  3.5446984e-001  5.6236013e-002
  3.0094358e+002  2.7228646e-001  3.5385801e-001  5.6150488e-002
  3.0186360e+002  2.7193120e-001  3.5370011e-001  5.6137330e-002
  3.0278358e+002  2.7253646e-001  3.5313433e-001  5.6005752e-002
  3.0370351e+002  2.7192462e-001  3.5343038e-001  5.5959700e-002
  3.0462348e+002  2.7210883e-001  3.5281196e-001  5.5920227e-002
  3.0554353e+002  2.7241146e-001  3.5306196e-001  5.5847859e-002
  3.0646343e+002  2.7210225e-001  3.5351591e-001  5.5775491e-002
  3.0738355e+002  2.7252330e-001  3.5307512e-001  5.5657071e-002
  3.0830353e+002  2.7205620e-001  3.5257513e-001  5.5545231e-002
  3.0922340e+002  2.7172068e-001  3.5321328e-001  5.5407074e-002
  3.1016339e+002  2.7222725e-001  3.5240407e-001  5.5393916e-002
  3.1108347e+002  2.7195752e-001  3.5293038e-001  5.5268918e-002
  3.1200350e+002  2.7272725e-001  3.5217381e-001  5.5196550e-002
  3.1292334e+002  2.7253646e-001  3.5263433e-001  5.5012341e-002
  3.1384334e+002  2.7220094e-001  3.5212118e-001  5.5032078e-002
  3.1476331e+002  2.7271409e-001  3.5196987e-001  5.4972868e-002
  3.1568337e+002  2.7291146e-001  3.5192382e-001  5.4847869e-002
  3.1662336e+002  2.7318119e-001  3.5192382e-001  5.4762344e-002
  3.1753325e+002  2.7297067e-001  3.5158171e-001  5.4696555e-002
  3.1847321e+002  2.7295751e-001  3.5163435e-001  5.4512346e-002
  3.1938330e+002  2.7329303e-001  3.5110803e-001  5.4420242e-002
  3.2030319e+002  2.7309566e-001  3.5137119e-001  5.4367611e-002
  3.2122328e+002  2.7314830e-001  3.5133172e-001  5.4203139e-002
  3.2214328e+002  2.7301672e-001  3.5098961e-001  5.4143929e-002
  3.2306314e+002  2.7331935e-001  3.5096988e-001  5.4124192e-002
  3.2398322e+002  2.7283251e-001  3.5069357e-001  5.4117613e-002
  3.2490314e+002  2.7385224e-001  3.5026594e-001  5.3874195e-002
  3.2582324e+002  2.7302330e-001  3.5089751e-001  5.3854458e-002
  3.2674320e+002  2.7348382e-001  3.5010804e-001  5.3736038e-002
  3.2766318e+002  2.7320093e-001  3.5076593e-001  5.3703144e-002
  3.2858306e+002  2.7362197e-001  3.5003568e-001  5.3525514e-002
  3.2950309e+002  2.7326671e-001  3.4998962e-001  5.3393936e-002
  3.3044301e+002  2.7372724e-001  3.4960805e-001  5.3262359e-002
  3.3137310e+002  2.7362197e-001  3.5010147e-001  5.3255780e-002
  3.3231300e+002  2.7386539e-001  3.4977252e-001  5.3071571e-002
  3.3323306e+002  2.7382592e-001  3.4941068e-001  5.3005783e-002
  3.3418301e+002  2.7374039e-001  3.4979884e-001  5.2959730e-002
  3.3512304e+002  2.7376013e-001  3.4952910e-001  5.2821574e-002
  3.3604292e+002  2.7360882e-001  3.4927911e-001  5.2703154e-002
  3.3696290e+002  2.7412197e-001  3.4895016e-001  5.2643944e-002
  3.3794289e+002  2.7420749e-001  3.4889095e-001  5.2433420e-002
  3.3886285e+002  2.7422723e-001  3.4873964e-001  5.2446578e-002
  3.3978286e+002  2.7417460e-001  3.4841069e-001  5.2328158e-002
  3.4070285e+002  2.7423381e-001  3.4857517e-001  5.2222896e-002
  3.4162289e+002  2.7426670e-001  3.4810149e-001  5.2229475e-002
  3.4254281e+002  2.7435223e-001  3.4847648e-001  5.2084739e-002
  3.4348286e+002  2.7393118e-001  3.4837780e-001  5.2012372e-002
  3.4440276e+002  2.7434565e-001  3.4845675e-001  5.1946583e-002
  3.4532284e+002  2.7433249e-001  3.4818043e-001  5.1847899e-002
  3.4627282e+002  2.7430618e-001  3.4789754e-001  5.1768953e-002
  3.4719284e+002  2.7409565e-001  3.4823964e-001  5.1571586e-002
  3.4813280e+002  2.7416144e-001  3.4810806e-001  5.1472903e-002
  3.4905267e+002  2.7424039e-001  3.4793701e-001  5.1479482e-002
  3.4998275e+002  2.7411539e-001  3.4795017e-001  5.1315010e-002
  3.5093274e+002  2.7477328e-001  3.4824622e-001  5.1124223e-002
  3.5187273e+002  2.7506275e-001  3.4732518e-001  5.1176854e-002
  3.5281265e+002  2.7462854e-001  3.4727913e-001  5.0920277e-002
  3.5374259e+002  2.7444433e-001  3.4706202e-001  5.0966329e-002
  3.5468266e+002  2.7431276e-001  3.4636466e-001  5.0808436e-002
  3.5561258e+002  2.7516801e-001  3.4687124e-001  5.0716332e-002
  3.5657264e+002  2.7420749e-001  3.4581861e-001  5.0676859e-002
  3.5749265e+002  2.7506275e-001  3.4708176e-001  5.0663701e-002
  3.5844252e+002  2.7414829e-001  3.4652255e-001  5.0453177e-002
  3.5937261e+002  2.7481275e-001  3.4579888e-001  5.0301862e-002
  3.6033253e+002  2.7453644e-001  3.4618703e-001  5.0275547e-002
  3.6125258e+002  2.7489828e-001  3.4606203e-001  5.0196600e-002
  3.6218252e+002  2.7489170e-001  3.4599624e-001  5.0111075e-002
  3.6310253e+002  2.7523380e-001  3.4587782e-001  4.9926866e-002
  3.6405240e+002  2.7499038e-001  3.4539099e-001  4.9926866e-002
  3.6499259e+002  2.7516801e-001  3.4611466e-001  4.9821604e-002
  3.6593249e+002  2.7476670e-001  3.4554230e-001  4.9841341e-002
  3.6686246e+002  2.7623379e-001  3.4508178e-001  4.9643974e-002
  3.6780235e+002  2.7524038e-001  3.4491731e-001  4.9624238e-002
  3.6873232e+002  2.7537196e-001  3.4519362e-001  4.9532133e-002
  3.6967242e+002  2.7562195e-001  3.4480547e-001  4.9505818e-002
  3.7061239e+002  2.7528643e-001  3.4471336e-001  4.9426871e-002
  3.7154236e+002  2.7527327e-001  3.4399626e-001  4.9347925e-002
  3.7248235e+002  2.7660879e-001  3.4433179e-001  4.9170295e-002
  3.7341235e+002  2.7530617e-001  3.4446994e-001  4.9176874e-002
  3.7435224e+002  2.7523380e-001  3.4407521e-001  4.9124243e-002
  3.7529221e+002  2.7565485e-001  3.4408179e-001  4.9032138e-002
  3.7623218e+002  2.7610879e-001  3.4375942e-001  4.8933455e-002
  3.7717219e+002  2.7516143e-001  3.4412784e-001  4.8933455e-002
  3.7811224e+002  2.7599695e-001  3.4404232e-001  4.8637406e-002
  3.7905211e+002  2.7612195e-001  3.4306206e-001  4.8617669e-002
  3.7998225e+002  2.7585879e-001  3.4364100e-001  4.8630827e-002
  3.8093215e+002  2.7597721e-001  3.4341074e-001  4.8393987e-002
  3.8187219e+002  2.7614169e-001  3.4342390e-001  4.8288725e-002
  3.8281208e+002  2.7655616e-001  3.4283180e-001  4.8170305e-002
  3.8374214e+002  2.7587853e-001  3.4315417e-001  4.8170305e-002
  3.8469215e+002  2.7666142e-001  3.4282522e-001  4.8078201e-002
  3.8564214e+002  2.7677326e-001  3.4331864e-001  4.8025570e-002
  3.8660201e+002  2.7647063e-001  3.4264101e-001  4.8005833e-002
  3.8753209e+002  2.7654300e-001  3.4240418e-001  4.7795309e-002
  3.8848199e+002  2.7637195e-001  3.4289759e-001  4.7736099e-002
  3.8942194e+002  2.7598379e-001  3.4291075e-001  4.7637416e-002
  3.9036201e+002  2.7637195e-001  3.4204892e-001  4.7558469e-002
  3.9131205e+002  2.7612195e-001  3.4277917e-001  4.7492680e-002
  3.9226200e+002  2.7652326e-001  3.4265417e-001  4.7407155e-002
  3.9321188e+002  2.7650352e-001  3.4272654e-001  4.7236104e-002
  3.9416196e+002  2.7667458e-001  3.4230549e-001  4.7176894e-002
  3.9511188e+002  2.7676668e-001  3.4198313e-001  4.7111105e-002
  3.9607191e+002  2.7674694e-001  3.4188444e-001  4.7065053e-002
  3.9702180e+002  2.7664826e-001  3.4171997e-001  4.6894002e-002
  3.9797183e+002  2.7685878e-001  3.4170023e-001  4.6894002e-002
  3.9892191e+002  2.7649695e-001  3.4160813e-001  4.6815056e-002
  3.9989185e+002  2.7634563e-001  3.4086472e-001  4.6690057e-002
  4.0084173e+002  2.7666800e-001  3.4160155e-001  4.6637426e-002
  4.0179174e+002  2.7675352e-001  3.4144366e-001  4.6558479e-002
  4.0274170e+002  2.7687194e-001  3.4161471e-001  4.6486112e-002
  4.0369169e+002  2.7691142e-001  3.4096340e-001  4.6440059e-002
  4.0465178e+002  2.7700352e-001  3.4037788e-001  4.6380849e-002
  4.0560178e+002  2.7683247e-001  3.4072656e-001  4.6255851e-002
  4.0655163e+002  2.7655616e-001  3.4090419e-001  4.6236114e-002
  4.0750171e+002  2.7730615e-001  3.4064761e-001  4.6012432e-002
  4.0845161e+002  2.7740483e-001  3.4039762e-001  4.5966380e-002
  4.0940158e+002  2.7708247e-001  3.4037130e-001  4.5933486e-002
  4.1036167e+002  2.7695747e-001  3.4011472e-001  4.5690067e-002
  4.1131167e+002  2.7724036e-001  3.4004894e-001  4.5644015e-002
  4.1226154e+002  2.7713510e-001  3.3966736e-001  4.5565068e-002
  4.1321154e+002  2.7753641e-001  3.4005551e-001  4.5394017e-002
  4.1416147e+002  2.7681931e-001  3.3993052e-001  4.5380860e-002
  4.1510149e+002  2.7779299e-001  3.3927921e-001  4.5420333e-002
  4.1605149e+002  2.7736536e-001  3.3985157e-001  4.5275598e-002
  4.1700144e+002  2.7749036e-001  3.3937789e-001  4.5091389e-002
  4.1794143e+002  2.7745746e-001  3.3909500e-001  4.5032179e-002
  4.1889170e+002  2.7752983e-001  3.3946342e-001  4.4986127e-002
  4.1986151e+002  2.7772062e-001  3.3911473e-001  4.4854549e-002
  4.2081148e+002  2.7737194e-001  3.3929236e-001  4.4841391e-002
  4.2176145e+002  2.7751667e-001  3.3893710e-001  4.4716393e-002
  4.2271132e+002  2.7719431e-001  3.3877263e-001  4.4657183e-002
  4.2366145e+002  2.7783904e-001  3.3864763e-001  4.4545342e-002
  4.2461142e+002  2.7740483e-001  3.3877263e-001  4.4407185e-002
  4.2558134e+002  2.7780614e-001  3.3852264e-001  4.4334818e-002
  4.2655137e+002  2.7770746e-001  3.3864763e-001  4.4341396e-002
  4.2750125e+002  2.7779956e-001  3.3830553e-001  4.4242713e-002
  4.2847135e+002  2.7795088e-001  3.3811474e-001  4.4078241e-002
  4.2942130e+002  2.7761536e-001  3.3789106e-001  4.4065083e-002
  4.3037118e+002  2.7786535e-001  3.3762791e-001  4.4065083e-002
  4.3132132e+002  2.7705615e-001  3.3802264e-001  4.4045347e-002
  4.3229128e+002  2.7809561e-001  3.3800290e-001  4.3795349e-002
  4.3324124e+002  2.7782588e-001  3.3813448e-001  4.3769034e-002
  4.3419126e+002  2.7776009e-001  3.3756212e-001  4.3782192e-002
  4.3514112e+002  2.7762851e-001  3.3713449e-001  4.3630877e-002
  4.3611120e+002  2.7774035e-001  3.3702923e-001  4.3565088e-002
  4.3706112e+002  2.7813509e-001  3.3740423e-001  4.3426932e-002
  4.3805123e+002  2.7780614e-001  3.3754896e-001  4.3413774e-002
  4.3900113e+002  2.7809561e-001  3.3716081e-001  4.3328249e-002
  4.3995112e+002  2.7793114e-001  3.3716739e-001  4.3255881e-002
  4.4093107e+002  2.7798377e-001  3.3660818e-001  4.3084830e-002
  4.4188101e+002  2.7805614e-001  3.3643055e-001  4.3038778e-002
  4.4285099e+002  2.7754957e-001  3.3712791e-001  4.3078251e-002
  4.4382103e+002  2.7877982e-001  3.3691739e-001  4.2913779e-002
  4.4477095e+002  2.7823377e-001  3.3616082e-001  4.2795359e-002
  4.4574100e+002  2.7849693e-001  3.3622003e-001  4.2716413e-002
  4.4670091e+002  2.7768772e-001  3.3660818e-001  4.2644045e-002
  4.4767100e+002  2.7859561e-001  3.3622003e-001  4.2670361e-002
  4.4864087e+002  2.7863508e-001  3.3593056e-001  4.2426942e-002
  4.4960085e+002  2.7850350e-001  3.3605555e-001  4.2413784e-002
  4.5057082e+002  2.7884561e-001  3.3650292e-001  4.2354574e-002
  4.5154093e+002  2.7813509e-001  3.3587135e-001  4.2249312e-002
  4.5251090e+002  2.7854956e-001  3.3559503e-001  4.2183524e-002
  4.5346089e+002  2.7870745e-001  3.3553582e-001  4.2065104e-002
  4.5453088e+002  2.7876666e-001  3.3547003e-001  4.2025630e-002
  4.5550078e+002  2.7862192e-001  3.3510162e-001  4.1874316e-002
  4.5647074e+002  2.7877982e-001  3.3505557e-001  4.1716423e-002
  4.5744074e+002  2.7956270e-001  3.3488451e-001  4.1755896e-002
  4.5840081e+002  2.7871403e-001  3.3523319e-001  4.1663792e-002
  4.5937076e+002  2.7863508e-001  3.3500293e-001  4.1525635e-002
  4.6034076e+002  2.7879955e-001  3.3487794e-001  4.1545372e-002
  4.6131065e+002  2.7924692e-001  3.3483188e-001  4.1433531e-002
  4.6226072e+002  2.7914166e-001  3.3425294e-001  4.1301953e-002
  4.6322061e+002  2.7893113e-001  3.3460820e-001  4.1301953e-002
  4.6419063e+002  2.7884561e-001  3.3443057e-001  4.1183534e-002
  4.6516069e+002  2.7900350e-001  3.3458189e-001  4.1104587e-002
  4.6613056e+002  2.7874692e-001  3.3440426e-001  4.1078272e-002
  4.6709067e+002  2.7974033e-001  3.3387795e-001  4.0821695e-002
  4.6806059e+002  2.7882587e-001  3.3453583e-001  4.0821695e-002
  4.6903060e+002  2.7908902e-001  3.3325953e-001  4.0657223e-002
  4.6999054e+002  2.7828640e-001  3.3329242e-001  4.0696696e-002
  4.7096055e+002  2.7883245e-001  3.3369374e-001  4.0578277e-002
  4.7193056e+002  2.7925350e-001  3.3362795e-001  4.0473014e-002
  4.7290058e+002  2.7820745e-001  3.3411479e-001  4.0512488e-002
  4.7386042e+002  2.7866798e-001  3.3417399e-001  4.0387489e-002
  4.7483039e+002  2.7889824e-001  3.3320032e-001  4.0282227e-002
  4.7580049e+002  2.7850350e-001  3.3322006e-001  4.0196702e-002
  4.7678044e+002  2.7941139e-001  3.3308190e-001  4.0098018e-002
  4.7775045e+002  2.7846403e-001  3.3268059e-001  4.0025651e-002
  4.7873033e+002  2.7943771e-001  3.3300295e-001  3.9986177e-002
  4.7970045e+002  2.7862192e-001  3.3327269e-001  3.9887494e-002
  4.8066028e+002  2.7956270e-001  3.3316743e-001  3.9788811e-002
  4.8165040e+002  2.7883903e-001  3.3297664e-001  3.9598023e-002
  4.8263028e+002  2.7926008e-001  3.3257533e-001  3.9453288e-002
  4.8360035e+002  2.7904955e-001  3.3359505e-001  3.9354605e-002
  4.8458031e+002  2.7936534e-001  3.3232533e-001  3.9223027e-002
  4.8556023e+002  2.7925350e-001  3.3235822e-001  3.9170396e-002
  4.8653032e+002  2.7930613e-001  3.3231217e-001  3.9012503e-002
  4.8750015e+002  2.8009559e-001  3.3170691e-001  3.8953293e-002
  4.8846025e+002  2.7944428e-001  3.3209507e-001  3.8940135e-002
  4.8943025e+002  2.7942455e-001  3.3164113e-001  3.8801979e-002
  4.9041023e+002  2.7954297e-001  3.3164113e-001  3.8729611e-002
  4.9140019e+002  2.7936534e-001  3.3158192e-001  3.8690138e-002
  4.9238006e+002  2.7939165e-001  3.3163455e-001  3.8538824e-002
  4.9336017e+002  2.7954955e-001  3.3098324e-001  3.8361194e-002
  4.9433015e+002  2.7920087e-001  3.3150297e-001  3.8354615e-002
  4.9531001e+002  2.7912192e-001  3.3096350e-001  3.8301984e-002
  4.9630012e+002  2.7902324e-001  3.3095692e-001  3.8288826e-002
  4.9728002e+002  2.7915481e-001  3.3101613e-001  3.8163827e-002
  4.9824998e+002  2.7917455e-001  3.3131876e-001  3.8058565e-002
  4.9923009e+002  2.7912850e-001  3.3128587e-001  3.8078302e-002
  5.0021009e+002  2.7951007e-001  3.3058850e-001  3.7959882e-002
  5.0121002e+002  2.7897060e-001  3.3040430e-001  3.7775673e-002
  5.0217992e+002  2.7935876e-001  3.3015430e-001  3.7828304e-002
  5.0315998e+002  2.7987849e-001  3.3039114e-001  3.7703306e-002
  5.0412997e+002  2.7956928e-001  3.3045693e-001  3.7624359e-002
  5.0510993e+002  2.7898376e-001  3.3041745e-001  3.7676990e-002
  5.0607986e+002  2.7859561e-001  3.2966746e-001  3.7604622e-002
  5.0705980e+002  2.7891139e-001  3.2994377e-001  3.7558570e-002
  5.0802978e+002  2.7997059e-001  3.2973983e-001  3.7453308e-002
  5.0900985e+002  2.7923376e-001  3.3029903e-001  3.7426993e-002
  5.0997988e+002  2.7957586e-001  3.2996351e-001  3.7242784e-002
  5.1095985e+002  2.7951007e-001  3.3000956e-001  3.7334888e-002
  5.1192999e+002  2.7991138e-001  3.2925957e-001  3.7130943e-002
  5.1290972e+002  2.7924692e-001  3.2960167e-001  3.7091470e-002
  5.1387972e+002  2.8047717e-001  3.2859510e-001  3.7078312e-002
  5.1485965e+002  2.7920087e-001  3.2954246e-001  3.7032260e-002
  5.1582973e+002  2.7956270e-001  3.2914115e-001  3.6913840e-002
  5.1680975e+002  2.7967455e-001  3.2923983e-001  3.6769105e-002
  5.1777964e+002  2.7977323e-001  3.2885168e-001  3.6986208e-002
  5.1875961e+002  2.7949034e-001  3.2875300e-001  3.6828315e-002
  5.1972969e+002  2.7949692e-001  3.2916747e-001  3.6775683e-002
  5.2070968e+002  2.7914166e-001  3.2908194e-001  3.6782262e-002
  5.2168953e+002  2.8017454e-001  3.2852274e-001  3.6604633e-002
  5.2270958e+002  2.7964165e-001  3.2841747e-001  3.6505949e-002
  5.2370952e+002  2.7990481e-001  3.2795037e-001  3.6413845e-002
  5.2468948e+002  2.8014822e-001  3.2852274e-001  3.6459897e-002
  5.2572951e+002  2.8006270e-001  3.2804248e-001  3.6315162e-002
  5.2671948e+002  2.7968770e-001  3.2816090e-001  3.6354635e-002
  5.2769945e+002  2.7942455e-001  3.2806221e-001  3.6361214e-002
  5.2872949e+002  2.8043112e-001  3.2780564e-001  3.6163848e-002
  5.2972943e+002  2.8026007e-001  3.2745038e-001  3.6098059e-002
  5.3070939e+002  2.8066138e-001  3.2727933e-001  3.6084901e-002
  5.3168938e+002  2.8070743e-001  3.2681881e-001  3.6038849e-002
  5.3268936e+002  2.8046401e-001  3.2757538e-001  3.6012533e-002
  5.3368946e+002  2.8006270e-001  3.2715433e-001  3.5999376e-002
  5.3468934e+002  2.8052322e-001  3.2751617e-001  3.5821746e-002
  5.3568941e+002  2.7962849e-001  3.2725959e-001  3.5782272e-002
  5.3666934e+002  2.8081927e-001  3.2680565e-001  3.5769115e-002
  5.3764926e+002  2.8033243e-001  3.2715433e-001  3.5650695e-002
  5.3864935e+002  2.8037191e-001  3.2706880e-001  3.5584906e-002
  5.3962931e+002  2.8040480e-001  3.2685170e-001  3.5519117e-002
  5.4061931e+002  2.8070743e-001  3.2707538e-001  3.5407276e-002
  5.4160922e+002  2.8049033e-001  3.2659512e-001  3.5400697e-002
  5.4259920e+002  2.8033243e-001  3.2713459e-001  3.5321751e-002
  5.4357914e+002  2.8051664e-001  3.2661486e-001  3.5183594e-002
  5.4457914e+002  2.8006270e-001  3.2620697e-001  3.5177015e-002
  5.4555923e+002  2.8190479e-001  3.2554908e-001  3.5019122e-002
  5.4653909e+002  2.8013507e-001  3.2647670e-001  3.4861229e-002
  5.4752916e+002  2.8039164e-001  3.2583855e-001  3.4769125e-002
  5.4850919e+002  2.8070085e-001  3.2586487e-001  3.4696757e-002
  5.4950908e+002  2.7994428e-001  3.2679907e-001  3.4808598e-002
  5.5050914e+002  2.8035875e-001  3.2590434e-001  3.4538864e-002
  5.5148908e+002  2.8083901e-001  3.2545698e-001  3.4617811e-002
  5.5246911e+002  2.8032585e-001  3.2543066e-001  3.4499391e-002
  5.5344897e+002  2.8062190e-001  3.2526619e-001  3.4394129e-002
  5.5444898e+002  2.8106927e-001  3.2515435e-001  3.4302024e-002
  5.5543904e+002  2.8010875e-001  3.2604908e-001  3.4170447e-002
  5.5641902e+002  2.8053638e-001  3.2498988e-001  3.3986238e-002
  5.5739903e+002  2.8062848e-001  3.2552277e-001  3.4012554e-002
  5.5839899e+002  2.8026664e-001  3.2512145e-001  3.4012554e-002
  5.5939889e+002  2.8105611e-001  3.2498330e-001  3.3848081e-002
  5.6039887e+002  2.8084559e-001  3.2455567e-001  3.3729662e-002
  5.6139888e+002  2.8043112e-001  3.2518724e-001  3.3742819e-002
  5.6238881e+002  2.7978639e-001  3.2516093e-001  3.3670452e-002
  5.6340894e+002  2.8116795e-001  3.2442409e-001  3.3525716e-002
  5.6440889e+002  2.8057585e-001  3.2457541e-001  3.3565190e-002
  5.6540887e+002  2.8072059e-001  3.2456225e-001  3.3505980e-002
  5.6639886e+002  2.8106927e-001  3.2452278e-001  3.3446770e-002
  5.6741888e+002  2.8114164e-001  3.2416752e-001  3.3328350e-002
  5.6841880e+002  2.8083243e-001  3.2409515e-001  3.3269140e-002
  5.6940883e+002  2.8123374e-001  3.2408857e-001  3.3262561e-002
  5.7040870e+002  2.8052980e-001  3.2410831e-001  3.3236246e-002
  5.7145878e+002  2.8083243e-001  3.2379252e-001  3.3183615e-002
  5.7245877e+002  2.8100348e-001  3.2393726e-001  3.3065195e-002
  5.7344866e+002  2.8047717e-001  3.2384515e-001  3.2966511e-002
  5.7444871e+002  2.8111532e-001  3.2358200e-001  3.2940196e-002
  5.7546860e+002  2.8090480e-001  3.2341752e-001  3.2808618e-002
  5.7647864e+002  2.8079953e-001  3.2350305e-001  3.2729672e-002
  5.7747856e+002  2.8033901e-001  3.2379910e-001  3.2565200e-002
  5.7847864e+002  2.8059559e-001  3.2389120e-001  3.2657304e-002
  5.7947855e+002  2.8099032e-001  3.2257543e-001  3.2552042e-002
  5.8048849e+002  2.8108243e-001  3.2311490e-001  3.2466517e-002
  5.8149849e+002  2.7978639e-001  3.2335174e-001  3.2532305e-002
  5.8249844e+002  2.8049033e-001  3.2269385e-001  3.2453359e-002
  5.8349843e+002  2.8118111e-001  3.2256885e-001  3.2446780e-002
  5.8449851e+002  2.8093769e-001  3.2343068e-001  3.2209940e-002
  5.8549849e+002  2.8178637e-001  3.2240438e-001  3.2275729e-002
  5.8649849e+002  2.8101664e-001  3.2262806e-001  3.2091520e-002
  5.8750847e+002  2.8094427e-001  3.2268727e-001  3.2098099e-002
  5.8850834e+002  2.8111532e-001  3.2214122e-001  3.1986258e-002
  5.8952834e+002  2.8115479e-001  3.2214122e-001  3.1900733e-002
  5.9053845e+002  2.8106927e-001  3.2214122e-001  3.1848102e-002
  5.9154828e+002  2.8089164e-001  3.2198333e-001  3.1775734e-002
  5.9254839e+002  2.8124032e-001  3.2193728e-001  3.1808628e-002
  5.9354826e+002  2.8145084e-001  3.2184517e-001  3.1663893e-002
  5.9455835e+002  2.8109558e-001  3.2182544e-001  3.1617841e-002
  5.9556821e+002  2.8032585e-001  3.2207543e-001  3.1598104e-002
  5.9658825e+002  2.8131269e-001  3.2141097e-001  3.1446790e-002
  5.9759817e+002  2.8151663e-001  3.2162149e-001  3.1479684e-002
  5.9861834e+002  2.8169426e-001  3.2135833e-001  3.1407317e-002
  5.9962823e+002  2.8043112e-001  3.2220701e-001  3.1282318e-002
  6.0063828e+002  2.8118769e-001  3.2130570e-001  3.1229687e-002
  6.0165810e+002  2.8122058e-001  3.2111492e-001  3.1071794e-002
  6.0266810e+002  2.8158900e-001  3.2113465e-001  3.1058636e-002
  6.0368806e+002  2.8122716e-001  3.2083860e-001  3.0913901e-002
  6.0471815e+002  2.8131927e-001  3.2096360e-001  3.0828375e-002
  6.0574814e+002  2.8216794e-001  3.2064124e-001  3.0769165e-002
  6.0675815e+002  2.8120085e-001  3.2091097e-001  3.0736271e-002
  6.0776796e+002  2.8154953e-001  3.2058203e-001  3.0624430e-002
  6.0878799e+002  2.8137848e-001  3.2029913e-001  3.0532326e-002
  6.0978806e+002  2.8136532e-001  3.2015440e-001  3.0538904e-002
  6.1086805e+002  2.8149690e-001  3.2039124e-001  3.0440221e-002
  6.1180791e+002  2.8096401e-001  3.2095702e-001  3.0387590e-002
  6.1276796e+002  2.8183900e-001  3.1966098e-001  3.0223118e-002
  6.1371802e+002  2.8162847e-001  3.1989124e-001  3.0131014e-002
  6.1466791e+002  2.8210215e-001  3.1950309e-001  3.0045488e-002
  6.1561793e+002  2.8143111e-001  3.2006887e-001  3.0157329e-002
  6.1656796e+002  2.8143769e-001  3.1981888e-001  3.0038909e-002
  6.1753794e+002  2.8144426e-001  3.1971361e-001  3.0006015e-002
  6.1847792e+002  2.8135216e-001  3.1938467e-001  2.9894174e-002
  6.1942786e+002  2.8068769e-001  3.2002282e-001  2.9775754e-002
  6.2035780e+002  2.8149032e-001  3.1950967e-001  2.9828385e-002
  6.2131778e+002  2.8083243e-001  3.1956230e-001  2.9769175e-002
  6.2226781e+002  2.8138505e-001  3.1962151e-001  2.9617861e-002
  6.2319773e+002  2.8139821e-001  3.1949651e-001  2.9723123e-002
  6.2413783e+002  2.8185873e-001  3.1911494e-001  2.9670492e-002
  6.2508778e+002  2.8123374e-001  3.1912809e-001  2.9558651e-002
  6.2602783e+002  2.8120085e-001  3.1948993e-001  2.9492862e-002
  6.2695774e+002  2.8183900e-001  3.1856231e-001  2.9381021e-002
  6.2790771e+002  2.8134558e-001  3.1885178e-001  2.9288917e-002
  6.2886772e+002  2.8122058e-001  3.1848994e-001  2.9367864e-002
  6.2981758e+002  2.8165479e-001  3.1854257e-001  2.9196813e-002
  6.3076765e+002  2.8160216e-001  3.1838468e-001  2.9170497e-002
  6.3171767e+002  2.8216136e-001  3.1831889e-001  2.9111287e-002
  6.3265755e+002  2.8130611e-001  3.1839784e-001  2.9084972e-002
  6.3360753e+002  2.8144426e-001  3.1831889e-001  2.8959973e-002
  6.3455751e+002  2.8182584e-001  3.1797021e-001  2.8861290e-002
  6.3550750e+002  2.8087190e-001  3.1807547e-001  2.8946815e-002
  6.3645749e+002  2.8114821e-001  3.1843073e-001  2.8881026e-002
  6.3740755e+002  2.8141137e-001  3.1777942e-001  2.8762607e-002
  6.3836757e+002  2.8112190e-001  3.1797021e-001  2.8802080e-002
  6.3931742e+002  2.8127979e-001  3.1735180e-001  2.8802080e-002
  6.4026740e+002  2.8098374e-001  3.1742416e-001  2.8558661e-002
  6.4121752e+002  2.8099032e-001  3.1739785e-001  2.8631029e-002
  6.4216748e+002  2.8093769e-001  3.1800311e-001  2.8591556e-002
  6.4311746e+002  2.8126006e-001  3.1696364e-001  2.8552082e-002
  6.4407751e+002  2.8204952e-001  3.1733864e-001  2.8624450e-002
  6.4502731e+002  2.8166137e-001  3.1703601e-001  2.8591556e-002
  6.4597734e+002  2.8129953e-001  3.1745048e-001  2.8407347e-002
  6.4692755e+002  2.8216136e-001  3.1680575e-001  2.8394189e-002
  6.4787732e+002  2.8163505e-001  3.1672680e-001  2.8354716e-002
  6.4882725e+002  2.8124690e-001  3.1712811e-001  2.8223138e-002
  6.4978735e+002  2.8106927e-001  3.1693075e-001  2.8256033e-002
  6.5073732e+002  2.8051664e-001  3.1714127e-001  2.8111297e-002
  6.5168734e+002  2.8173373e-001  3.1656891e-001  2.7986299e-002
  6.5263734e+002  2.8126663e-001  3.1698338e-001  2.7953404e-002
  6.5360717e+002  2.8175347e-001  3.1678601e-001  2.7933668e-002
  6.5455714e+002  2.8232583e-001  3.1588471e-001  2.7841563e-002
  6.5550724e+002  2.8126663e-001  3.1645049e-001  2.7782353e-002
  6.5645710e+002  2.8056927e-001  3.1658207e-001  2.7742880e-002
  6.5740722e+002  2.8179952e-001  3.1562813e-001  2.7769196e-002
  6.5837715e+002  2.8126663e-001  3.1638470e-001  2.7624460e-002
  6.5932704e+002  2.8153637e-001  3.1610181e-001  2.7486304e-002
  6.6029702e+002  2.8149032e-001  3.1608207e-001  2.7552093e-002
  6.6123712e+002  2.8166795e-001  3.1565445e-001  2.7374463e-002
  6.6219709e+002  2.8150347e-001  3.1567418e-001  2.7354726e-002
  6.6314699e+002  2.8103637e-001  3.1554260e-001  2.7321832e-002
  6.6410700e+002  2.8086532e-001  3.1647023e-001  2.7381042e-002
  6.6508717e+002  2.8174689e-001  3.1523998e-001  2.7249464e-002
  6.6603704e+002  2.8141137e-001  3.1531892e-001  2.7223148e-002
  6.6697701e+002  2.8161531e-001  3.1481235e-001  2.7203412e-002
  6.6792716e+002  2.8129295e-001  3.1552287e-001  2.7137623e-002
  6.6887703e+002  2.8142453e-001  3.1513471e-001  2.7117886e-002
  6.6981698e+002  2.8152321e-001  3.1528603e-001  2.7084992e-002
  6.7076697e+002  2.8170084e-001  3.1487156e-001  2.6973151e-002
  6.7171684e+002  2.8162847e-001  3.1514129e-001  2.6940257e-002
  6.7266696e+002  2.8199031e-001  3.1518734e-001  2.6808679e-002
  6.7363682e+002  2.8157584e-001  3.1520708e-001  2.6749469e-002
  6.7458691e+002  2.8152979e-001  3.1481893e-001  2.6821837e-002
  6.7553691e+002  2.8160216e-001  3.1466761e-001  2.6677101e-002
  6.7650690e+002  2.8146400e-001  3.1456235e-001  2.6644207e-002
  6.7745673e+002  2.8135216e-001  3.1457551e-001  2.6611313e-002
  6.7840687e+002  2.8139163e-001  3.1425314e-001  2.6637628e-002
  6.7937676e+002  2.8125348e-001  3.1473998e-001  2.6571839e-002
  6.8034684e+002  2.8176663e-001  3.1443077e-001  2.6433683e-002
  6.8129676e+002  2.8134558e-001  3.1408209e-001  2.6433683e-002
  6.8224676e+002  2.8189821e-001  3.1421367e-001  2.6374473e-002
  6.8319664e+002  2.8172058e-001  3.1381236e-001  2.6236316e-002
  6.8414673e+002  2.8118769e-001  3.1425972e-001  2.6262632e-002
  6.8509668e+002  2.8189163e-001  3.1322684e-001  2.6163949e-002
  6.8606673e+002  2.8146400e-001  3.1375315e-001  2.6137633e-002
  6.8703666e+002  2.8193768e-001  3.1403604e-001  2.6361315e-002
  6.8798655e+002  2.8181926e-001  3.1343736e-001  2.5953424e-002
  6.8893680e+002  2.8229952e-001  3.1290447e-001  2.6808679e-002
  6.8988662e+002  2.8178637e-001  3.1343736e-001  2.6025792e-002
  6.9085651e+002  2.8110874e-001  3.1333868e-001  2.6788942e-002
  6.9182652e+002  2.8098374e-001  3.1339789e-001  2.5466587e-002
  6.9277644e+002  2.8189163e-001  3.1289132e-001  2.5545534e-002
  6.9372648e+002  2.8189821e-001  3.1279263e-001  2.5933688e-002
  6.9467657e+002  2.8212189e-001  3.1296368e-001  2.5427114e-002
  6.9564652e+002  2.8211531e-001  3.1253606e-001  2.6006056e-002
  6.9661649e+002  2.8166795e-001  3.1253606e-001  2.5611323e-002
  6.9756635e+002  2.8213505e-001  3.1270053e-001  2.5512639e-002
  6.9851644e+002  2.8167452e-001  3.1288474e-001  2.5578428e-002
  6.9946637e+002  2.8076006e-001  3.1270711e-001  2.5716585e-002
  7.0041644e+002  2.8145084e-001  3.1244395e-001  2.5071854e-002
  7.0138630e+002  2.8148374e-001  3.1193738e-001  2.5841584e-002
  7.0235628e+002  2.8195742e-001  3.1191764e-001  2.5591586e-002
  7.0331630e+002  2.8080611e-001  3.1257553e-001  2.4269231e-002
  7.0427625e+002  2.8135874e-001  3.1094397e-001  2.6466577e-002
  7.0523623e+002  2.8226662e-001  3.1208869e-001  2.5308694e-002
  7.0620624e+002  2.8205610e-001  3.1185843e-001  2.5611323e-002
  7.0717620e+002  2.8203636e-001  3.1210843e-001  2.5124486e-002
  7.0815629e+002  2.8204952e-001  3.1137817e-001  2.5045539e-002
  7.0910627e+002  2.8224689e-001  3.1150317e-001  2.5479745e-002
  7.1007623e+002  2.8272057e-001  3.1128607e-001  2.6229737e-002
  7.1104625e+002  2.8229294e-001  3.1136501e-001  2.5433693e-002
  7.1199620e+002  2.8187847e-001  3.1202290e-001  2.5012645e-002
  7.1294625e+002  2.8211531e-001  3.1143738e-001  2.4071865e-002
  7.1391609e+002  2.8245741e-001  3.1111502e-001  2.5210011e-002
  7.1486617e+002  2.8198373e-001  3.1137159e-001  2.4525807e-002
  7.1583613e+002  2.8227978e-001  3.1090449e-001  2.4519228e-002
  7.1678601e+002  2.8151005e-001  3.1103607e-001  2.4683700e-002
  7.1774611e+002  2.8142453e-001  3.1079923e-001  2.5387641e-002
  7.1871599e+002  2.8231926e-001  3.1109528e-001  2.4999487e-002
  7.1968599e+002  2.8247057e-001  3.1108870e-001  2.5058697e-002
  7.2065607e+002  2.8196400e-001  3.1087160e-001  2.4302125e-002
  7.2163605e+002  2.8229952e-001  3.1077292e-001  2.4960013e-002
  7.2260592e+002  2.8188505e-001  3.1106239e-001  2.3828446e-002
  7.2358596e+002  2.8252978e-001  3.1080581e-001  2.5716585e-002
  7.2455586e+002  2.8194426e-001  3.1047029e-001  2.4663964e-002
  7.2553597e+002  2.8208899e-001  3.1040450e-001  2.4637648e-002
  7.2648584e+002  2.8269425e-001  3.1031239e-001  2.4144232e-002
  7.2745598e+002  2.8283241e-001  3.1010845e-001  2.4124496e-002
  7.2842588e+002  2.8268109e-001  3.1043081e-001  2.5045539e-002
  7.2938586e+002  2.8266136e-001  3.0983214e-001  2.5124486e-002
  7.3035580e+002  2.8220084e-001  3.1007555e-001  2.4131074e-002
  7.3132576e+002  2.8229952e-001  3.0974003e-001  2.4821857e-002
  7.3227572e+002  2.8249688e-001  3.0984529e-001  2.4598175e-002
  7.3324583e+002  2.8204952e-001  3.0903609e-001  2.5611323e-002
  7.3422571e+002  2.8174689e-001  3.1016766e-001  2.3525817e-002
  7.3519568e+002  2.8245741e-001  3.0951635e-001  2.3400819e-002
  7.3615567e+002  2.8268109e-001  3.0991766e-001  2.3420555e-002
  7.3712578e+002  2.8247715e-001  3.0955582e-001  2.3881077e-002
  7.3809574e+002  2.8234557e-001  3.0995713e-001  2.3052138e-002
  7.3907557e+002  2.8218110e-001  3.0977950e-001  2.3236347e-002
  7.4004572e+002  2.8239162e-001  3.0926635e-001  2.3960024e-002
  7.4100559e+002  2.8271399e-001  3.0943740e-001  2.3710026e-002
  7.4197567e+002  2.8278636e-001  3.0948345e-001  2.3723184e-002
  7.4294586e+002  2.8264820e-001  3.0947688e-001  2.3946866e-002
  7.4391559e+002  2.8291793e-001  3.0885188e-001  2.3927129e-002
  7.4487555e+002  2.8301004e-001  3.0878609e-001  2.3367924e-002
  7.4589551e+002  2.8224031e-001  3.0861504e-001  2.3604764e-002
  7.4685561e+002  2.8227320e-001  3.0832557e-001  2.3519239e-002
  7.4782549e+002  2.8226005e-001  3.0847031e-001  2.4361335e-002
  7.4879558e+002  2.8274030e-001  3.0902293e-001  2.3433713e-002
  7.4976540e+002  2.8280609e-001  3.0856241e-001  2.3367924e-002
  7.5074552e+002  2.8209557e-001  3.0872688e-001  2.3078454e-002
  7.5171538e+002  2.8245083e-001  3.0854267e-001  2.3821867e-002
  7.5269548e+002  2.8304293e-001  3.0814136e-001  2.3558712e-002
  7.5366547e+002  2.8251662e-001  3.0819399e-001  2.2604774e-002
  7.5464546e+002  2.8238504e-001  3.0950977e-001  2.0361376e-002
  7.5561532e+002  2.8232583e-001  3.0855583e-001  3.1433632e-002
  7.5657541e+002  2.8235873e-001  3.0855583e-001  5.1025540e-002
  7.5756535e+002  2.8310214e-001  3.0811505e-001  5.6314960e-002
  7.5852531e+002  2.8279951e-001  3.0781900e-001  5.3486041e-002
  7.5949524e+002  2.8292451e-001  3.0816768e-001  5.6795218e-002
  7.6046536e+002  2.8292451e-001  3.0801636e-001  5.5446547e-002
  7.6144534e+002  2.8275346e-001  3.0793084e-001  5.1900531e-002
  7.6241531e+002  2.8252320e-001  3.0787163e-001  5.4512346e-002
  7.6339530e+002  2.8261530e-001  3.0840452e-001  5.0459756e-002
  7.6439524e+002  2.8272715e-001  3.0778610e-001  5.4571556e-002
  7.6536523e+002  2.8285872e-001  3.0777295e-001  5.3999194e-002
  7.6632527e+002  2.8157584e-001  3.0805584e-001  4.9018981e-002
  7.6729510e+002  2.8320083e-001  3.0646375e-001  5.2525525e-002
  7.6827517e+002  2.8246399e-001  3.0722690e-001  4.9821605e-002
  7.6924507e+002  2.8266136e-001  3.0689795e-001  5.3459726e-002
  7.7021519e+002  2.8244425e-001  3.0769400e-001  4.9203190e-002
  7.7119503e+002  2.8289162e-001  3.0710190e-001  5.2630786e-002
  7.7216516e+002  2.8289820e-001  3.0746374e-001  5.3018940e-002
  7.7312510e+002  2.8268767e-001  3.0716769e-001  5.3032098e-002
  7.7411498e+002  2.8292451e-001  3.0694401e-001  5.2755785e-002
  7.7509509e+002  2.8329951e-001  3.0731900e-001  5.2703155e-002
  7.7606501e+002  2.8238504e-001  3.0666111e-001  5.1249222e-002
  7.7704504e+002  2.8299030e-001  3.0697032e-001  5.0663701e-002
  7.7804501e+002  2.8234557e-001  3.0754926e-001  4.9801868e-002
  7.7901530e+002  2.8297714e-001  3.0666769e-001  5.3716302e-002
  7.7999488e+002  2.8288504e-001  3.0705585e-001  5.3242622e-002
  7.8097489e+002  2.8309556e-001  3.0693085e-001  5.3255780e-002
  7.8194496e+002  2.8257583e-001  3.0667427e-001  5.0578176e-002
  7.8291484e+002  2.8264162e-001  3.0700322e-001  5.3584724e-002
  7.8387490e+002  2.8317451e-001  3.0639138e-001  5.3354463e-002
  7.8486481e+002  2.8337846e-001  3.0661506e-001  5.0505808e-002
  7.8584477e+002  2.8300346e-001  3.0650322e-001  5.2650523e-002
  7.8682475e+002  2.8333240e-001  3.0607559e-001  5.0321600e-002
  7.8780483e+002  2.8283241e-001  3.0620717e-001  5.3486041e-002
  7.8879471e+002  2.8249688e-001  3.0590454e-001  5.3111045e-002
  7.8979482e+002  2.8239820e-001  3.0624665e-001  5.1821584e-002
  7.9077479e+002  2.8271399e-001  3.0622033e-001  5.2163686e-002
  7.9175467e+002  2.8220084e-001  3.0616112e-001  4.9650554e-002
  7.9275474e+002  2.8225347e-001  3.0646375e-001  4.5321650e-002
  7.9375464e+002  2.8310214e-001  3.0564139e-001  4.8380830e-002
  7.9473469e+002  2.8247057e-001  3.0603612e-001  4.7913729e-002
  7.9570469e+002  2.8277320e-001  3.0579270e-001  4.8045306e-002
  7.9667468e+002  2.8290478e-001  3.0581244e-001  4.8380829e-002
  7.9765468e+002  2.8230610e-001  3.0576639e-001  4.6696636e-002
  7.9865454e+002  2.8239162e-001  3.0527297e-001  4.2433521e-002
  7.9963462e+002  2.8285872e-001  3.0495718e-001  4.5459806e-002
  8.0063464e+002  2.8245083e-001  3.0471377e-001  4.4124294e-002
  8.0163449e+002  2.8327977e-001  3.0540455e-001  4.5703225e-002
  8.0261459e+002  2.8284557e-001  3.0464798e-001  4.7545312e-002
  8.0361461e+002  2.8214820e-001  3.0512166e-001  4.7426892e-002
  8.0459452e+002  2.8324030e-001  3.0487824e-001  4.8288725e-002
  8.0559447e+002  2.8522054e-001  3.0344404e-001  5.0788700e-002
  8.0657442e+002  2.8032585e-001  3.0537823e-001  4.4051926e-002
  8.0754437e+002  2.8386529e-001  3.0470719e-001  4.5229546e-002
  8.0852448e+002  2.8204952e-001  3.0454272e-001  4.3742718e-002
  8.0950434e+002  2.8255609e-001  3.0404272e-001  4.6295324e-002
  8.1049431e+002  2.8345740e-001  3.0508218e-001  4.7624258e-002
  8.1147436e+002  2.8245741e-001  3.0374667e-001  5.0459756e-002
  8.1245437e+002  2.8240478e-001  3.0429930e-001  4.8216357e-002
  8.1344460e+002  2.8175347e-001  3.0428614e-001  4.6472954e-002
  8.1438157e+002  2.8284557e-001  3.0483876e-001  4.3847980e-002
  8.1535709e+002  2.8188505e-001  3.0470719e-001  4.2347996e-002
  8.1635431e+002  2.8059559e-001  3.0458877e-001  4.1591424e-002
  8.1734420e+002  2.8264820e-001  3.0292431e-001  4.7657153e-002
  8.1832419e+002  2.8131927e-001  3.0422035e-001  4.3019042e-002
  8.1935597e+002  2.8371398e-001  3.0360851e-001  4.5078231e-002
  8.2036444e+002  2.8247057e-001  3.0364799e-001  4.2940095e-002
  8.2136424e+002  2.8328635e-001  3.0422693e-001  4.4545342e-002
  8.2234413e+002  2.8320740e-001  3.0414798e-001  4.4275608e-002
  8.2333420e+002  2.8315477e-001  3.0343088e-001  4.2815096e-002
  8.2431407e+002  2.8351661e-001  3.0253616e-001  4.5190072e-002
  8.2528406e+002  2.8360872e-001  3.0321378e-001  4.1584846e-002
  8.2626415e+002  2.8004296e-001  3.0402298e-001  3.9723022e-002
  8.2723411e+002  2.8256925e-001  3.0395062e-001  4.5479543e-002
  8.2821410e+002  2.8232583e-001  3.0368746e-001  4.2926937e-002
  8.2919409e+002  2.8188505e-001  3.0427956e-001  4.2578257e-002
  8.3017396e+002  2.8268109e-001  3.0331904e-001  4.4433501e-002
  8.3116395e+002  2.8283899e-001  3.0136512e-001  4.7703205e-002
  8.3214395e+002  2.8290478e-001  3.0347694e-001  4.2637467e-002
  8.3312398e+002  2.8199689e-001  3.0235853e-001  4.6394007e-002
  8.3411391e+002  2.8195742e-001  3.0279931e-001  4.6367692e-002
  8.3509399e+002  2.8156268e-001  3.0310194e-001  4.1598004e-002
  8.3609401e+002  2.8269425e-001  3.0247037e-001  4.5749277e-002
  8.3710393e+002  2.8264162e-001  3.0342431e-001  4.5946643e-002
  8.3810413e+002  2.8100348e-001  3.0328615e-001  4.4795340e-002
  8.3908394e+002  2.8202321e-001  3.0313483e-001  4.8762404e-002
  8.4006389e+002  2.8210873e-001  3.0242432e-001  4.7946623e-002
  8.4105377e+002  2.8173373e-001  3.0218748e-001  4.4663762e-002
  8.4203399e+002  2.8218768e-001  3.0247037e-001  4.5597963e-002
  8.4301382e+002  2.8262846e-001  3.0249010e-001  4.4269029e-002
  8.4400370e+002  2.8197057e-001  3.0254274e-001  5.0709753e-002
  8.4498376e+002  2.8191136e-001  3.0183222e-001  4.7420313e-002
  8.4598371e+002  2.8129295e-001  3.0221379e-001  4.5867697e-002
  8.4698369e+002  2.8204952e-001  3.0212169e-001  4.7472944e-002
  8.4796396e+002  2.8025349e-001  3.0253616e-001  4.6084800e-002
  8.4896374e+002  2.8191136e-001  3.0197037e-001  5.2229475e-002
  8.4994362e+002  2.8202978e-001  3.0165459e-001  5.1762374e-002
  8.5092370e+002  2.8260215e-001  3.0208879e-001  5.0157127e-002
  8.5192365e+002  2.8189821e-001  3.0210853e-001  5.1117644e-002
  8.5290366e+002  2.8216794e-001  3.0179932e-001  5.0630807e-002
  8.5390372e+002  2.8179294e-001  3.0157564e-001  4.8992666e-002
  8.5490373e+002  2.8197715e-001  3.0195064e-001  5.0505808e-002
  8.5590366e+002  2.8168768e-001  3.0070723e-001  5.0650543e-002
  8.5690353e+002  2.8177979e-001  3.0145064e-001  5.0505808e-002
  8.5788357e+002  2.8166795e-001  3.0239142e-001  4.9657133e-002
  8.5886354e+002  2.8177979e-001  3.0111512e-001  5.0808436e-002
  8.5986358e+002  2.8189821e-001  3.0119406e-001  5.0683438e-002
  8.6084350e+002  2.8192452e-001  3.0117433e-001  5.1611060e-002
  8.6183338e+002  2.8188505e-001  3.0051644e-001  4.9637396e-002
  8.6281341e+002  2.8259557e-001  3.0122038e-001  4.7229526e-002
  8.6381349e+002  2.8210215e-001  3.0126643e-001  4.9315031e-002
  8.6481339e+002  2.8184558e-001  3.0135196e-001  4.4196662e-002
  8.6579342e+002  2.8113506e-001  3.0100986e-001  4.6367692e-002
  8.6682341e+002  2.8191794e-001  3.0114143e-001  4.8150569e-002
  8.6780330e+002  2.8166795e-001  3.0013486e-001  4.9953182e-002
  8.6878339e+002  2.8077322e-001  3.0068749e-001  4.7525575e-002
  8.6977333e+002  2.8222057e-001  3.0068091e-001  4.9347925e-002
  8.7075336e+002  2.8102322e-001  3.0105591e-001  4.5229546e-002
  8.7175322e+002  2.8227978e-001  3.0035197e-001  4.9940024e-002
  8.7275324e+002  2.8209557e-001  3.0118091e-001  4.9584765e-002
  8.7375329e+002  2.8252978e-001  3.0017434e-001  4.9361083e-002
  8.7476326e+002  2.8160874e-001  3.0095065e-001  4.0078282e-002
  8.7576324e+002  2.8299030e-001  2.9898356e-001  4.7084790e-002
  8.7674325e+002  2.8249031e-001  3.0045723e-001  4.6347955e-002
  8.7774314e+002  2.8284557e-001  2.9968092e-001  4.6538743e-002
  8.7874309e+002  2.8238504e-001  2.9983882e-001  4.5775593e-002
  8.7974308e+002  2.8224031e-001  2.9970066e-001  4.7663732e-002
  8.8072311e+002  2.8114164e-001  2.9954277e-001  4.3867717e-002
  8.8172310e+002  2.8201663e-001  2.9977303e-001  4.8518986e-002
  8.8272314e+002  2.8056269e-001  3.0041118e-001  4.2163787e-002
  8.8371306e+002  2.8143769e-001  3.0043091e-001  4.1525636e-002
  8.8473309e+002  2.8208899e-001  2.9950329e-001  4.8946613e-002
  8.8571312e+002  2.8149032e-001  2.9937829e-001  4.4769024e-002
  8.8671294e+002  2.8335872e-001  2.9874014e-001  4.9446608e-002
  8.8770293e+002  2.8204952e-001  2.9977961e-001  4.3953243e-002
  8.8869302e+002  2.8112848e-001  2.9841120e-001  4.3959822e-002
  8.8974303e+002  2.8279293e-001  2.9892435e-001  4.7650574e-002
  8.9073296e+002  2.8201663e-001  2.9965461e-001  4.5847961e-002
  8.9173285e+002  2.8200347e-001  2.9971382e-001  4.3446669e-002
  8.9273284e+002  2.8175347e-001  2.9918093e-001  1.7275881e-002
  8.9373294e+002  2.8289162e-001  2.9820067e-001  1.7177197e-002
  8.9473291e+002  2.8170742e-001  2.9892435e-001  1.7104830e-002
  8.9573290e+002  2.8135874e-001  2.9820725e-001  1.7190355e-002
  8.9672279e+002  2.8199689e-001  2.9867435e-001  1.7111409e-002
  8.9772284e+002  2.8190479e-001  2.9797041e-001  1.7098251e-002
  8.9872286e+002  2.8193768e-001  2.9798357e-001  1.7104830e-002
  8.9974273e+002  2.8208242e-001  2.9912172e-001  1.7058778e-002
  9.0075273e+002  2.8251004e-001  2.9843093e-001  1.6979831e-002
  9.0175270e+002  2.8256925e-001  2.9785199e-001  1.6874569e-002
  9.0275269e+002  2.8256925e-001  2.9862830e-001  1.6973252e-002
  9.0374276e+002  2.8220741e-001  2.9839146e-001  1.6914042e-002
  9.0474275e+002  2.8227978e-001  2.9752963e-001  1.6927200e-002
  9.0574271e+002  2.8222057e-001  2.9774015e-001  1.6848253e-002
  9.0674269e+002  2.8227320e-001  2.9832567e-001  1.6821938e-002
  9.0774266e+002  2.8122058e-001  2.9889146e-001  1.6756149e-002
  9.0874258e+002  2.8217452e-001  2.9797699e-001  1.6775886e-002
  9.0977261e+002  2.8214163e-001  2.9847699e-001  1.6696939e-002
  9.1078255e+002  2.8247057e-001  2.9787831e-001  1.6558783e-002
  9.1178249e+002  2.8241794e-001  2.9808225e-001  1.6611414e-002
  9.1278248e+002  2.8160216e-001  2.9793094e-001  1.6604835e-002
  9.1378257e+002  2.8196400e-001  2.9792436e-001  1.6552204e-002
  9.1479243e+002  2.8153637e-001  2.9779936e-001  1.6617993e-002
  9.1579245e+002  2.8201663e-001  2.9705595e-001  1.6611414e-002
  9.1679249e+002  2.8252320e-001  2.9860856e-001  1.6479836e-002
  9.1778254e+002  2.8216794e-001  2.9776647e-001  1.6479836e-002
  9.1877237e+002  2.8129295e-001  2.9816120e-001  1.6348258e-002
  9.1977244e+002  2.8174689e-001  2.9806252e-001  1.6295627e-002
  9.2078230e+002  2.8120085e-001  2.9836515e-001  1.6367995e-002
  9.2176239e+002  2.8251662e-001  2.9777963e-001  1.6275891e-002
  9.2276227e+002  2.8175347e-001  2.9725989e-001  1.6275891e-002
  9.2381228e+002  2.8066796e-001  2.9798357e-001  1.6321943e-002
  9.2482245e+002  2.8197715e-001  2.9760857e-001  1.6170629e-002
  9.2582224e+002  2.8208242e-001  2.9710858e-001  1.6223260e-002
  9.2682219e+002  2.8190479e-001  2.9710858e-001  1.6170629e-002
  9.2782221e+002  2.8162189e-001  2.9710858e-001  1.6098261e-002
  9.2881218e+002  2.8214820e-001  2.9663490e-001  1.6124577e-002
  9.2982229e+002  2.8238504e-001  2.9674674e-001  1.5940368e-002
  9.3081226e+002  2.8242452e-001  2.9608885e-001  1.6098261e-002
  9.3181224e+002  2.8231926e-001  2.9595728e-001  1.5992999e-002
  9.3281222e+002  2.8139163e-001  2.9695069e-001  1.5946947e-002
  9.3382220e+002  2.8228636e-001  2.9666122e-001  1.5887737e-002
  9.3482208e+002  2.8087848e-001  2.9635859e-001  1.5953526e-002
  9.3582205e+002  2.8179952e-001  2.9631253e-001  1.5802211e-002
  9.3683203e+002  2.8222715e-001  2.9666779e-001  1.5828527e-002
  9.3783212e+002  2.8199689e-001  2.9656253e-001  1.5775896e-002
  9.3883219e+002  2.8205610e-001  2.9633227e-001  1.5762738e-002
  9.3984221e+002  2.8132584e-001  2.9699674e-001  1.5696949e-002
  9.4086196e+002  2.8248373e-001  2.9544412e-001  1.5578529e-002
