  8.6188648e-001  2.3775392e-001  2.5369510e-001 -1.7166400e-002
  2.1308239e+000  2.5596426e-001  2.4334695e-001 -1.3610800e-001
  3.3792153e+000  2.5500374e-001  2.1932695e-001 -2.0397800e-001
  4.6594195e+000  2.5544453e-001  2.0264272e-001 -2.5857700e-001
  5.9067861e+000  2.5627347e-001  2.4643146e-001 -3.0295200e-001
  7.1549739e+000  2.5524716e-001  2.3917522e-001 -3.4123900e-001
  8.4042185e+000  2.5464190e-001  2.4166264e-001 -3.7485900e-001
  9.6545536e+000  2.5567479e-001  2.6176781e-001 -4.0537900e-001
  1.0914837e+001  2.5422743e-001  2.8865571e-001 -4.3207500e-001
  1.2203022e+001  2.5542479e-001  2.6120787e-001 -4.5626200e-001
  1.3460310e+001  2.5502348e-001  2.6101041e-001 -4.7818400e-001
  1.4848366e+001  2.5495769e-001  2.5414204e-001 -4.9910600e-001
  1.6096620e+001  2.5535242e-001  2.5204342e-001 -5.1552900e-001
  1.7344914e+001  2.5520769e-001  2.8552425e-001 -5.3104900e-001
  1.8592157e+001  2.5587215e-001  2.4734030e-001 -5.4509500e-001
  1.9840399e+001  2.5576689e-001  2.1893837e-001 -5.5808800e-001
  2.1100631e+001  2.5558926e-001  2.3336709e-001 -5.6936100e-001
  2.2347939e+001  2.5523400e-001  2.7590614e-001 -5.7984100e-001
  2.3597169e+001  2.5580636e-001  2.5417538e-001 -5.8982900e-001
  2.4844414e+001  2.5576689e-001  2.2258962e-001 -5.9918400e-001
  2.6092594e+001  2.5601689e-001  2.7201728e-001 -6.0725600e-001
  2.7340943e+001  2.5564847e-001  2.1560404e-001 -6.1467400e-001
  2.8588212e+001  2.5493795e-001  2.8247823e-001 -6.2179100e-001
  2.9836458e+001  2.5639846e-001  2.3161613e-001 -6.2795800e-001
  3.1084841e+001  2.5536558e-001  2.7932716e-001 -6.3469600e-001
  3.2332995e+001  2.5518137e-001  2.5688017e-001 -6.4014700e-001
  3.3592170e+001  2.5529979e-001  2.2074160e-001 -6.4457100e-001
  3.4842511e+001  2.5600373e-001  2.5293216e-001 -6.4860900e-001
  3.6090694e+001  2.5597084e-001  2.7859573e-001 -6.5376500e-001
  3.7338035e+001  2.5564847e-001  2.3573425e-001 -6.5795000e-001
  3.8586268e+001  2.5565505e-001  2.5837871e-001 -6.6145900e-001
  3.9834469e+001  2.5584584e-001  2.1940627e-001 -6.6467900e-001
  4.1084847e+001  2.5586557e-001  2.7899128e-001 -6.6807200e-001
  4.2353076e+001  2.5601689e-001  2.2889307e-001 -6.7130500e-001
  4.3612343e+001  2.5546426e-001  2.0188030e-001 -6.7454500e-001
  4.4862615e+001  2.5586557e-001  2.4195788e-001 -6.7725900e-001
  4.6110862e+001  2.5547084e-001  2.2339927e-001 -6.7893700e-001
  4.7371150e+001  2.5581294e-001  2.2117623e-001 -6.8320800e-001
  4.8619359e+001  2.5626689e-001  2.1618230e-001 -6.8616100e-001
  4.9867593e+001  2.5658267e-001  2.6041246e-001 -6.8850500e-001
  5.1126922e+001  2.5592478e-001  2.5343223e-001 -6.9072700e-001
  5.2375151e+001  2.5601031e-001  2.1196541e-001 -6.9305100e-001
  5.3624371e+001  2.5600373e-001  2.2537255e-001 -6.9503300e-001
  5.4875723e+001  2.5643794e-001  2.4692506e-001 -6.9702500e-001
  5.6122924e+001  2.5549058e-001  2.7256971e-001 -6.9896700e-001
  5.7371175e+001  2.5594452e-001  2.4994480e-001 -7.0049800e-001
  5.8620492e+001  2.5583926e-001  2.6217514e-001 -7.0205800e-001
  5.9870739e+001  2.5576689e-001  2.3798481e-001 -7.0373700e-001
  6.1118886e+001  2.5570110e-001  2.3351054e-001 -7.0550700e-001
  6.2379166e+001  2.5541163e-001  2.3407642e-001 -7.0671500e-001
  6.3646453e+001  2.5647083e-001  2.7950438e-001 -7.0851900e-001
  6.4904772e+001  2.5519453e-001  3.0060945e-001 -7.1011100e-001
  6.6163005e+001  2.5591821e-001  2.6814837e-001 -7.0635200e-001
  6.7421161e+001  2.5576689e-001  2.5106310e-001 -7.0915800e-001
  6.8668489e+001  2.5589847e-001  2.7784633e-001 -7.1046300e-001
  6.9916750e+001  2.5595110e-001  2.4864923e-001 -7.1169500e-001
  7.1165030e+001  2.5566163e-001  2.5025414e-001 -7.1266900e-001
  7.2412380e+001  2.5591163e-001  2.7095766e-001 -7.1372300e-001
  7.3682568e+001  2.5519453e-001  2.7129311e-001 -7.1452500e-001
  7.5050812e+001  2.5558268e-001  2.3309017e-001 -7.1540900e-001
  7.6328033e+001  2.5610241e-001  2.2287969e-001 -7.1660800e-001
  7.7586305e+001  2.5542479e-001  2.1595814e-001 -7.1837000e-001
  7.8836578e+001  2.5619452e-001  2.2067520e-001 -7.1918200e-001
  8.0084872e+001  2.5604320e-001  2.2512943e-001 -7.2049800e-001
  8.1332104e+001  2.5550374e-001  2.1963644e-001 -7.2135100e-001
  8.2580398e+001  2.5560900e-001  2.1697827e-001 -7.2227300e-001
  8.3848654e+001  2.5547742e-001  2.1812354e-001 -7.2340900e-001
  8.5108840e+001  2.5468138e-001  2.3418186e-001 -7.2444600e-001
  8.6356137e+001  2.5647083e-001  2.4937222e-001 -7.2566600e-001
  8.7616385e+001  2.5575373e-001  2.7020794e-001 -7.2681000e-001
  8.8866713e+001  2.5656294e-001  2.7520117e-001 -7.2811100e-001
  9.0116981e+001  2.5562874e-001  2.9345810e-001 -7.2913900e-001
  9.1364243e+001  2.5564847e-001  2.4927464e-001 -7.3028800e-001
  9.2622519e+001  2.5584584e-001  2.6839925e-001 -7.3130800e-001
  9.3871747e+001  2.5552347e-001  2.6832600e-001 -7.3173900e-001
  9.5122099e+001  2.5606952e-001  2.5206302e-001 -7.3230900e-001
  9.6372315e+001  2.5547084e-001  2.3255677e-001 -7.3298700e-001
  9.7620632e+001  2.5561558e-001  2.1970236e-001 -7.3331900e-001
  9.8909873e+001  2.5547742e-001  2.0469546e-001 -7.3368500e-001
  1.0014822e+002  2.5676688e-001  2.6928744e-001 -7.3382300e-001
  1.0139655e+002  2.5641162e-001  2.5716820e-001 -7.3386500e-001
  1.0265571e+002  2.5578663e-001  2.7296459e-001 -7.3435800e-001
  1.0390418e+002  2.5616820e-001  2.5964191e-001 -7.3469100e-001
  1.0515426e+002  2.5610241e-001  2.3806379e-001 -7.3501500e-001
  1.0642146e+002  2.5541163e-001  2.1134746e-001 -7.3519500e-001
  1.0767976e+002  2.5542479e-001  2.5673490e-001 -7.3538800e-001
  1.0895807e+002  2.5609584e-001  2.5480639e-001 -7.3547500e-001
  1.1020639e+002  2.5607610e-001  2.8600437e-001 -7.3544400e-001
  1.1145563e+002  2.5584584e-001  2.4211635e-001 -7.2996700e-001
  1.1271588e+002  2.5624057e-001  2.6414906e-001 -7.3114600e-001
  1.1396622e+002  2.5605636e-001  2.7896451e-001 -7.3167400e-001
  1.1523342e+002  2.5650373e-001  2.8240513e-001 -7.3211500e-001
  1.1648171e+002  2.5643136e-001  2.4266290e-001 -7.3261400e-001
  1.1773001e+002  2.5582610e-001  2.6072794e-001 -7.3296100e-001
  1.1897841e+002  2.5545768e-001  2.5643137e-001 -7.3310500e-001
  1.2025753e+002  2.5618794e-001  2.3929995e-001 -7.3342100e-001
  1.2151791e+002  2.5591163e-001  2.3891843e-001 -7.3382600e-001
  1.2276616e+002  2.5604978e-001  2.9057037e-001 -7.3418700e-001
  1.2401349e+002  2.5618136e-001  2.9827385e-001 -7.3446400e-001
  1.2526164e+002  2.5704977e-001  2.5432027e-001 -7.3508700e-001
  1.2651195e+002  2.5600373e-001  2.2341868e-001 -7.3563900e-001
  1.2777231e+002  2.5624715e-001  2.3049760e-001 -7.3622100e-001
  1.2902171e+002  2.5648399e-001  2.3258292e-001 -7.3654900e-001
  1.3028193e+002  2.5655636e-001  2.3741205e-001 -7.3668000e-001
  1.3153017e+002  2.5600373e-001  2.4414865e-001 -7.3702700e-001
  1.3277978e+002  2.5628662e-001  2.6838554e-001 -7.3735900e-001
  1.3403492e+002  2.5619452e-001  2.4277476e-001 -7.3757700e-001
  1.3529741e+002  2.5629978e-001  2.1213030e-001 -7.3780700e-001
  1.3655574e+002  2.5609584e-001  2.5627408e-001 -7.3763500e-001
  1.3783394e+002  2.5663530e-001  2.9051733e-001 -7.3721900e-001
  1.3908137e+002  2.5654320e-001  2.8515519e-001 -7.3702900e-001
  1.4033156e+002  2.5640504e-001  2.4435357e-001 -7.3722100e-001
  1.4157977e+002  2.5633268e-001  2.1538020e-001 -7.3746300e-001
  1.4282817e+002  2.5608268e-001  2.5143195e-001 -7.3787000e-001
  1.4407546e+002  2.5584584e-001  2.4464216e-001 -7.3812200e-001
  1.4532570e+002  2.5680635e-001  2.6893192e-001 -7.3838600e-001
  1.4657301e+002  2.5677346e-001  2.6966825e-001 -7.3864500e-001
  1.4782137e+002  2.5642478e-001  2.4161030e-001 -7.3850300e-001
  1.4907950e+002  2.5610899e-001  2.3530003e-001 -7.3863100e-001
  1.5032787e+002  2.5613531e-001  2.3593246e-001 -7.3873500e-001
  1.5157711e+002  2.5654320e-001  2.6527429e-001 -7.3869100e-001
  1.5282545e+002  2.5618794e-001  2.4453132e-001 -7.3879100e-001
  1.5407368e+002  2.5693135e-001  2.1866868e-001 -7.3916800e-001
  1.5532304e+002  2.5648399e-001  2.5483285e-001 -7.3942500e-001
  1.5658328e+002  2.5639189e-001  2.8109640e-001 -7.3949400e-001
  1.5783351e+002  2.5702346e-001  2.4594574e-001 -7.3957500e-001
  1.5910082e+002  2.5631952e-001  2.6095816e-001 -7.3977400e-001
  1.6035905e+002  2.5630636e-001  2.4301159e-001 -7.3989300e-001
  1.6162735e+002  2.5622741e-001  2.0976145e-001 -7.4002200e-001
  1.6288565e+002  2.5720767e-001  2.6385303e-001 -7.3998500e-001
  1.6413601e+002  2.5669451e-001  2.4469489e-001 -7.3985700e-001
  1.6538518e+002  2.5659583e-001  2.2768831e-001 -7.3975200e-001
  1.6663346e+002  2.5706293e-001  2.3944472e-001 -7.3955600e-001
  1.6789269e+002  2.5652346e-001  2.4703693e-001 -7.3958100e-001
  1.6914305e+002  2.5653004e-001  2.2222862e-001 -7.3954800e-001
  1.7039332e+002  2.5646425e-001  2.7435991e-001 -7.3950800e-001
  1.7167155e+002  2.5617478e-001  2.8665517e-001 -7.3955800e-001
  1.7292085e+002  2.5620110e-001  2.4478023e-001 -7.3951900e-001
  1.7416914e+002  2.5652346e-001  2.3205757e-001 -7.3969800e-001
  1.7542740e+002  2.5576031e-001  2.1190623e-001 -7.4004500e-001
  1.7667465e+002  2.5663530e-001  2.4327367e-001 -7.4038100e-001
  1.7792500e+002  2.5618794e-001  2.5035914e-001 -7.4065500e-001
  1.7919316e+002  2.5642478e-001  2.3548497e-001 -7.4088400e-001
  1.8045054e+002  2.5686556e-001  2.3491184e-001 -7.4132800e-001
  1.8174972e+002  2.5701688e-001  2.5064856e-001 -7.4156400e-001
  1.8299697e+002  2.5628662e-001  2.6174721e-001 -7.4190700e-001
  1.8427417e+002  2.5664846e-001  2.3926814e-001 -7.4238900e-001
  1.8554241e+002  2.5673399e-001  2.7679406e-001 -7.4278700e-001
  1.8682266e+002  2.5620768e-001  2.9847141e-001 -7.4339100e-001
  1.8808102e+002  2.5709583e-001  2.4749169e-001 -7.4395800e-001
  1.8935820e+002  2.5657609e-001  2.1218880e-001 -7.4444900e-001
  1.9062847e+002  2.5723398e-001  2.5869469e-001 -7.4457900e-001
  1.9190884e+002  2.5724714e-001  2.7752995e-001 -7.4475300e-001
  1.9319944e+002  2.5689188e-001  2.9874117e-001 -7.4499500e-001
  1.9447821e+002  2.5714846e-001  3.1295824e-001 -7.4507900e-001
  1.9574645e+002  2.5703004e-001  2.8745118e-001 -7.4496500e-001
  1.9700477e+002  2.5725372e-001  2.4495162e-001 -7.4504400e-001
  1.9827202e+002  2.5702346e-001  2.6924777e-001 -7.4545400e-001
  1.9956023e+002  2.5672741e-001  3.0614238e-001 -7.4591100e-001
  2.0082849e+002  2.5746424e-001  2.8831962e-001 -7.4632000e-001
  2.0210573e+002  2.5770108e-001  2.7250388e-001 -7.4675200e-001
  2.0337403e+002  2.5733924e-001  2.9874765e-001 -7.4712400e-001
  2.0466428e+002  2.5786555e-001  2.9783939e-001 -7.4756200e-001
  2.0592454e+002  2.5699056e-001  3.0525432e-001 -7.4794400e-001
  2.0719189e+002  2.5685241e-001  3.0184633e-001 -7.4835800e-001
  2.0847011e+002  2.5755635e-001  2.6134025e-001 -7.4871200e-001
  2.0976832e+002  2.5733267e-001  2.5332007e-001 -7.4906400e-001
  2.1104653e+002  2.5679978e-001  2.4876044e-001 -7.4945600e-001
  2.1231372e+002  2.5780634e-001  2.9077431e-001 -7.5001700e-001
  2.1358398e+002  2.5813529e-001  3.0659617e-001 -7.5057100e-001
  2.1485221e+002  2.5779319e-001  2.8189836e-001 -7.5125200e-001
  2.1611245e+002  2.5686556e-001  2.4370819e-001 -7.5195000e-001
  2.1739056e+002  2.5702346e-001  2.5195127e-001 -7.5257900e-001
  2.1865787e+002  2.5677346e-001  2.7670778e-001 -7.5304200e-001
  2.1992615e+002  2.5735240e-001  2.4700438e-001 -7.5347300e-001
  2.2120639e+002  2.5722082e-001  2.2620812e-001 -7.5387400e-001
  2.2248358e+002  2.5746424e-001  2.6080656e-001 -7.5444400e-001
  2.2377383e+002  2.5745766e-001  2.4109665e-001 -7.5514400e-001
  2.2505204e+002  2.5672741e-001  2.1868938e-001 -7.5592900e-001
  2.2633025e+002  2.5808924e-001  2.6381378e-001 -7.5650700e-001
  2.2760948e+002  2.5814187e-001  2.8562912e-001 -7.5672700e-001
  2.2887766e+002  2.5838529e-001  2.4437268e-001 -7.5706200e-001
  2.3015789e+002  2.5739845e-001  2.2194539e-001 -7.5716500e-001
  2.3141619e+002  2.5809582e-001  2.7760966e-001 -7.5748500e-001
  2.3271344e+002  2.5797740e-001  2.4764285e-001 -7.5773100e-001
  2.3397371e+002  2.5795108e-001  2.6801759e-001 -7.5781000e-001
  2.3525195e+002  2.5758266e-001  3.0514908e-001 -7.5796000e-001
  2.3652018e+002  2.5734582e-001  2.4536627e-001 -7.5801800e-001
  2.3780744e+002  2.5815503e-001  2.2268921e-001 -7.5818500e-001
  2.3907772e+002  2.5687872e-001  2.7072834e-001 -7.5822300e-001
  2.4034597e+002  2.5841818e-001  2.6926687e-001 -7.5826900e-001
  2.4160325e+002  2.5735898e-001  2.5491824e-001 -7.5834100e-001
  2.4288151e+002  2.5814845e-001  2.5697747e-001 -7.5845200e-001
  2.4416166e+002  2.5804318e-001  2.6378660e-001 -7.5861200e-001
  2.4545190e+002  2.5785898e-001  2.7931969e-001 -7.5873100e-001
  2.4672117e+002  2.5808266e-001  2.4466288e-001 -7.5860300e-001
  2.4801135e+002  2.5806950e-001  2.6441862e-001 -7.5855600e-001
  2.4927966e+002  2.5747082e-001  2.8920816e-001 -7.5851100e-001
  2.5054782e+002  2.5863528e-001  2.6950364e-001 -7.5843700e-001
  2.5183712e+002  2.5817476e-001  2.4116288e-001 -7.5855900e-001
  2.5310542e+002  2.5845765e-001  2.1456343e-001 -7.5856400e-001
  2.5438359e+002  2.5811555e-001  2.2310375e-001 -7.5870100e-001
  2.5564183e+002  2.5840502e-001  2.7698494e-001 -7.5877500e-001
  2.5690910e+002  2.5805634e-001  2.6901029e-001 -7.5881800e-001
  2.5818732e+002  2.5848397e-001  2.5098406e-001 -7.5870500e-001
  2.5945560e+002  2.5824055e-001  2.5883270e-001 -7.5885500e-001
  2.6074481e+002  2.5858265e-001  2.7268142e-001 -7.5895800e-001
  2.6202303e+002  2.5820108e-001  3.0158295e-001 -7.5917900e-001
  2.6331323e+002  2.5835897e-001  3.1172141e-001 -7.5930300e-001
  2.6458358e+002  2.5877344e-001  2.5633351e-001 -7.5935200e-001
  2.6589185e+002  2.5823397e-001  2.5809658e-001 -7.5941300e-001
  2.6715902e+002  2.5849055e-001  2.9506964e-001 -7.5922400e-001
  2.6845935e+002  2.5791819e-001  2.5252362e-001 -7.5937700e-001
  2.6974952e+002  2.5800371e-001  2.4122796e-001 -7.5964900e-001
  2.7100670e+002  2.5891818e-001  2.2768823e-001 -7.5968700e-001
  2.7227507e+002  2.5816818e-001  2.8417537e-001 -7.5971000e-001
  2.7355328e+002  2.5867476e-001  2.7512234e-001 -7.5978800e-001
  2.7486145e+002  2.5913528e-001  2.6382607e-001 -7.5976800e-001
  2.7613868e+002  2.5891160e-001  2.3614968e-001 -7.5986100e-001
  2.7740686e+002  2.5797082e-001  2.2032049e-001 -7.5977700e-001
  2.7868715e+002  2.5798397e-001  2.2119563e-001 -7.5989500e-001
  2.7998539e+002  2.5889186e-001  2.2376065e-001 -7.5985400e-001
  2.8129456e+002  2.5937870e-001  2.5560243e-001 -7.5996800e-001
  2.8258281e+002  2.5933265e-001  2.6588549e-001 -7.6002100e-001
  2.8386099e+002  2.5823397e-001  3.0218207e-001 -7.6000900e-001
  2.8514936e+002  2.5789187e-001  2.9050397e-001 -7.6009400e-001
  2.8644655e+002  2.5932607e-001  2.8438516e-001 -7.6010600e-001
  2.8773683e+002  2.5868134e-001  2.7771421e-001 -7.6015800e-001
  2.8901507e+002  2.5884581e-001  2.4543263e-001 -7.6010600e-001
  2.9029235e+002  2.5928659e-001  2.5664923e-001 -7.6018000e-001
  2.9157253e+002  2.5844450e-001  2.6233941e-001 -7.6034300e-001
  2.9285281e+002  2.5825371e-001  2.5406327e-001 -7.6050300e-001
  2.9413106e+002  2.5881949e-001  2.7662202e-001 -7.6059900e-001
  2.9540827e+002  2.5945106e-001  2.3123489e-001 -7.6051200e-001
  2.9668652e+002  2.5881291e-001  2.2516964e-001 -7.6057400e-001
  2.9796673e+002  2.5947738e-001  2.0684062e-001 -7.6072600e-001
  2.9927500e+002  2.6001027e-001  2.1743949e-001 -7.6120200e-001
  3.0055217e+002  2.5968790e-001  2.5396498e-001 -7.6150500e-001
  3.0182045e+002  2.5926028e-001  2.4566176e-001 -7.6172200e-001
  3.0310067e+002  2.5970106e-001  2.4596437e-001 -7.6189700e-001
  3.0437991e+002  2.5923396e-001  2.2459663e-001 -7.6197000e-001
  3.0565828e+002  2.5946422e-001  2.7936637e-001 -7.6202100e-001
  3.0694856e+002  2.5953001e-001  3.0424738e-001 -7.6224200e-001
  3.0822876e+002  2.5933922e-001  3.1185305e-001 -7.6234700e-001
  3.0949602e+002  2.5910238e-001  2.5820224e-001 -7.6240300e-001
  3.1077626e+002  2.5948396e-001  2.8159015e-001 -7.6247500e-001
  3.1207637e+002  2.5948396e-001  2.5149179e-001 -7.6260100e-001
  3.1336397e+002  2.5976027e-001  2.2185999e-001 -7.6275200e-001
  3.1464224e+002  2.5948396e-001  2.4466191e-001 -7.6267400e-001
  3.1592052e+002  2.5956948e-001  2.7334584e-001 -7.6254800e-001
  3.1718883e+002  2.6017474e-001  3.0010293e-001 -7.6246000e-001
  3.1848604e+002  2.5970764e-001  2.5095886e-001 -7.6235900e-001
  3.1977429e+002  2.6018132e-001  2.4774763e-001 -7.6237500e-001
  3.2105263e+002  2.5999711e-001  2.8369506e-001 -7.6225700e-001
  3.2231988e+002  2.5961554e-001  2.5245114e-001 -7.6221000e-001
  3.2361018e+002  2.5951027e-001  2.3843821e-001 -7.6232400e-001
  3.2490054e+002  2.5972080e-001  2.3949744e-001 -7.6216700e-001
  3.2618872e+002  2.5995106e-001  2.3669482e-001 -7.6239500e-001
  3.2746599e+002  2.6046421e-001  2.8864220e-001 -7.6244300e-001
  3.2874420e+002  2.5991817e-001  2.3447194e-001 -7.6250400e-001
  3.3002348e+002  2.6006290e-001  2.0886013e-001 -7.6251500e-001
  3.3130174e+002  2.6074053e-001  2.2044605e-001 -7.6255600e-001
  3.3258994e+002  2.6057605e-001  2.0166960e-001 -7.6265200e-001
  3.3387829e+002  2.6110236e-001  2.1657069e-001 -7.6273200e-001
  3.3515754e+002  2.6044448e-001  2.7743232e-001 -7.6283600e-001
  3.3643583e+002  2.6068132e-001  2.6851021e-001 -7.6284900e-001
  3.3771408e+002  2.6045763e-001  2.5426036e-001 -7.6288700e-001
  3.3899343e+002  2.6053658e-001  2.3324739e-001 -7.6292600e-001
  3.4027159e+002  2.6004316e-001  2.7373409e-001 -7.6264500e-001
  3.4154978e+002  2.6019448e-001  3.0516219e-001 -7.6295000e-001
  3.4283004e+002  2.6020106e-001  3.1586611e-001 -7.6315500e-001
  3.4410827e+002  2.6029316e-001  2.5998491e-001 -7.6338900e-001
  3.4537541e+002  2.6028000e-001  2.4101709e-001 -7.6343700e-001
  3.4667368e+002  2.6080631e-001  2.4762884e-001 -7.6350800e-001
  3.4796388e+002  2.6060237e-001  2.5251701e-001 -7.6364600e-001
  3.4926210e+002  2.6069447e-001  2.3197814e-001 -7.6359300e-001
  3.5053933e+002  2.6049053e-001  2.8710983e-001 -7.6365500e-001
  3.5181959e+002  2.6025369e-001  2.7922094e-001 -7.6373200e-001
  3.5309792e+002  2.6039842e-001  3.0108985e-001 -7.6386400e-001
  3.5437813e+002  2.6102342e-001  2.6174147e-001 -7.6391900e-001
  3.5566739e+002  2.6139841e-001  2.7907039e-001 -7.6386500e-001
  3.5693553e+002  2.6077342e-001  3.0197133e-001 -7.6398300e-001
  3.5821391e+002  2.6018790e-001  2.8656976e-001 -7.6402500e-001
  3.5949116e+002  2.6071421e-001  2.6802340e-001 -7.6407100e-001
  3.6078941e+002  2.6161552e-001  2.6097737e-001 -7.6411000e-001
  3.6206773e+002  2.6128657e-001  2.7662887e-001 -7.6416600e-001
  3.6334796e+002  2.6103658e-001  2.4160333e-001 -7.6434200e-001
  3.6462719e+002  2.6079974e-001  2.5660906e-001 -7.6440000e-001
  3.6591744e+002  2.6120763e-001  2.6622081e-001 -7.6440800e-001
  3.6719572e+002  2.6170104e-001  2.3163571e-001 -7.6444500e-001
  3.6848501e+002  2.6232604e-001  2.2221483e-001 -7.6450100e-001
  3.6977324e+002  2.6159578e-001  2.2324857e-001 -7.6450800e-001
  3.7105163e+002  2.6155631e-001  2.1823551e-001 -7.6455300e-001
  3.7232978e+002  2.6189183e-001  2.1503817e-001 -7.6451900e-001
  3.7362700e+002  2.6149052e-001  2.4932691e-001 -7.6451700e-001
  3.7490525e+002  2.6164841e-001  2.4844461e-001 -7.6451200e-001
  3.7618340e+002  2.6118789e-001  2.8501066e-001 -7.6446100e-001
  3.7746276e+002  2.6151025e-001  3.0016217e-001 -7.6439600e-001
  3.7872898e+002  2.6028658e-001  3.1339239e-001 -7.6438400e-001
  3.8000733e+002  2.6070105e-001  2.6368851e-001 -7.6439900e-001
  3.8129752e+002  2.6108921e-001  2.5766863e-001 -7.6439100e-001
  3.8256477e+002  2.6144447e-001  2.4191875e-001 -7.6431600e-001
  3.8384292e+002  2.6139183e-001  2.5856307e-001 -7.6433000e-001
  3.8512319e+002  2.6206288e-001  2.3236644e-001 -7.6428900e-001
  3.8642053e+002  2.6264182e-001  2.8169538e-001 -7.6427600e-001
  3.8769874e+002  2.6224709e-001  3.1311617e-001 -7.6411900e-001
  3.8899903e+002  2.6233261e-001  2.5993876e-001 -7.6432800e-001
  3.9028928e+002  2.6149052e-001  2.3122828e-001 -7.6433000e-001
  3.9156651e+002  2.6212209e-001  2.3694477e-001 -7.6431100e-001
  3.9287474e+002  2.6222077e-001  2.9037951e-001 -7.6431400e-001
  3.9415301e+002  2.6226025e-001  2.5149835e-001 -7.6417500e-001
  3.9543327e+002  2.6201683e-001  2.0577461e-001 -7.6413500e-001
  3.9671243e+002  2.6225367e-001  2.0678097e-001 -7.6412700e-001
  3.9799083e+002  2.6245761e-001  2.1631440e-001 -7.6415200e-001
  3.9927097e+002  2.6251682e-001  2.0465571e-001 -7.6413300e-001
  4.0055129e+002  2.6264182e-001  2.1799760e-001 -7.6406500e-001
  4.0185056e+002  2.6246419e-001  2.4242518e-001 -7.6417300e-001
  4.0313885e+002  2.6227340e-001  2.6329991e-001 -7.6425000e-001
  4.0441808e+002  2.6261551e-001  2.8286551e-001 -7.6419400e-001
  4.0569633e+002  2.6230630e-001  2.9400397e-001 -7.6420900e-001
  4.0698460e+002  2.6208920e-001  3.1063593e-001 -7.6426200e-001
  4.0830479e+002  2.6295103e-001  2.6283262e-001 -7.6432300e-001
  4.0960294e+002  2.6381286e-001  2.8964241e-001 -7.6433500e-001
  4.1088020e+002  2.6277340e-001  2.5435326e-001 -7.6429800e-001
  4.1217845e+002  2.6282603e-001  2.3606316e-001 -7.6434800e-001
  4.1348668e+002  2.6266156e-001  2.6645759e-001 -7.6438600e-001
  4.1476487e+002  2.6317471e-001  2.3613656e-001 -7.6439000e-001
  4.1605417e+002  2.6278656e-001  2.7951768e-001 -7.6450900e-001
  4.1733235e+002  2.6358260e-001  3.0368182e-001 -7.6457900e-001
  4.1863058e+002  2.6344445e-001  2.9897759e-001 -7.6471800e-001
  4.1990889e+002  2.6303656e-001  2.9287905e-001 -7.6475200e-001
  4.2120612e+002  2.6284577e-001  2.5735955e-001 -7.6466000e-001
  4.2250533e+002  2.6327339e-001  2.8014237e-001 -7.6472600e-001
  4.2379359e+002  2.6339839e-001  2.8415493e-001 -7.6483000e-001
  4.2507194e+002  2.6354971e-001  2.9974766e-001 -7.6479200e-001
  4.2634899e+002  2.6338524e-001  3.0725423e-001 -7.6496200e-001
  4.2763733e+002  2.6327339e-001  2.5858930e-001 -7.6501100e-001
  4.2892557e+002  2.6352997e-001  2.5306301e-001 -7.6517600e-001
  4.3020282e+002  2.6332603e-001  2.3961689e-001 -7.6529300e-001
  4.3148307e+002  2.6322734e-001  2.0670870e-001 -7.6541100e-001
  4.3277136e+002  2.6370760e-001  2.1662359e-001 -7.6512100e-001
  4.3406174e+002  2.6357602e-001  2.0824139e-001 -7.6524600e-001
  4.3533890e+002  2.6335892e-001  2.2728787e-001 -7.6539500e-001
  4.3661722e+002  2.6321418e-001  2.2232090e-001 -7.6547100e-001
  4.3789738e+002  2.6365497e-001  2.2330725e-001 -7.6540800e-001
  4.3920674e+002  2.6354971e-001  2.3072118e-001 -7.6521200e-001
  4.4048499e+002  2.6310892e-001  2.5051696e-001 -7.6550300e-001
  4.4178328e+002  2.6400365e-001  2.5992478e-001 -7.6585200e-001
  4.4309355e+002  2.6390497e-001  2.3407726e-001 -7.6606500e-001
  4.4438280e+002  2.6466154e-001  2.1829366e-001 -7.6630800e-001
  4.4567304e+002  2.6402339e-001  2.2174135e-001 -7.6642400e-001
  4.4696131e+002  2.6385892e-001  2.1646562e-001 -7.6650500e-001
  4.4826862e+002  2.6406944e-001  2.7599805e-001 -7.6670000e-001
  4.4954695e+002  2.6441154e-001  3.1518198e-001 -7.6682000e-001
  4.5083525e+002  2.6383260e-001  2.6295766e-001 -7.6692500e-001
  4.5212253e+002  2.6454312e-001  2.6012908e-001 -7.6713700e-001
  4.5340074e+002  2.6431944e-001  2.4141223e-001 -7.6718900e-001
  4.5471101e+002  2.6409575e-001  2.3122109e-001 -7.6724400e-001
  4.5598834e+002  2.6422075e-001  2.7816176e-001 -7.6743800e-001
  4.5728857e+002  2.6418786e-001  2.7706273e-001 -7.6753900e-001
  4.5859685e+002  2.6447733e-001  2.3584605e-001 -7.6752300e-001
  4.5987514e+002  2.6376023e-001  2.3537969e-001 -7.6752900e-001
  4.6117541e+002  2.6473391e-001  2.1879464e-001 -7.6758900e-001
  4.6248263e+002  2.6449707e-001  2.2547798e-001 -7.6760600e-001
  4.6376296e+002  2.6521416e-001  2.5581338e-001 -7.6752800e-001
  4.6504125e+002  2.6420102e-001  2.4221451e-001 -7.6752000e-001
  4.6636846e+002  2.6441812e-001  2.3889285e-001 -7.6764000e-001
  4.6767876e+002  2.6587205e-001  2.4912254e-001 -7.6760100e-001
  4.6898699e+002  2.6515495e-001  2.9895123e-001 -7.6771200e-001
  4.7026525e+002  2.6464838e-001  2.5346434e-001 -7.6770400e-001
  4.7158444e+002  2.6504969e-001  2.3320180e-001 -7.6769900e-001
  4.7290260e+002  2.6501022e-001  2.3003706e-001 -7.6783000e-001
  4.7421077e+002  2.6483917e-001  2.8948473e-001 -7.6789200e-001
  4.7549002e+002  2.6549048e-001  3.1789251e-001 -7.6792400e-001
  4.7676812e+002  2.6545100e-001  3.2566877e-001 -7.6789200e-001
  4.7805644e+002  2.6554311e-001  2.7397066e-001 -7.6794500e-001
  4.7934662e+002  2.6539837e-001  2.4298427e-001 -7.6794200e-001
  4.8065481e+002  2.6541153e-001  2.9634005e-001 -7.6795200e-001
  4.8193206e+002  2.6567469e-001  3.0944472e-001 -7.6769700e-001
  4.8326215e+002  2.6546416e-001  3.2232012e-001 -7.6769300e-001
  4.8458045e+002  2.6519443e-001  3.2114220e-001 -7.6759300e-001
  4.8587874e+002  2.6522732e-001  3.1557664e-001 -7.6751300e-001
  4.8715888e+002  2.6580626e-001  2.7052341e-001 -7.6751800e-001
  4.8843613e+002  2.6583916e-001  2.8480653e-001 -7.6715500e-001
  4.8973426e+002  2.6566153e-001  2.7597067e-001 -7.6702600e-001
  4.9104250e+002  2.6498390e-001  2.7801725e-001 -7.6715100e-001
  4.9233997e+002  2.6553653e-001  2.5818178e-001 -7.6715200e-001
  4.9363809e+002  2.6538522e-001  2.5498401e-001 -7.6735300e-001
  4.9494841e+002  2.6606284e-001  2.3809606e-001 -7.6752000e-001
  4.9625755e+002  2.6639836e-001  2.6422742e-001 -7.6753800e-001
  4.9756581e+002  2.6587863e-001  2.6995770e-001 -7.6753000e-001
  4.9886400e+002  2.6556942e-001  2.4584719e-001 -7.6773000e-001
  5.0017226e+002  2.6542469e-001  2.7360322e-001 -7.6790800e-001
  5.0148052e+002  2.6641810e-001  2.6587869e-001 -7.6800300e-001
  5.0277769e+002  2.6642468e-001  2.9996494e-001 -7.6814800e-001
  5.0405602e+002  2.6634573e-001  3.1034615e-001 -7.6827700e-001
  5.0536417e+002  2.6613521e-001  3.0403688e-001 -7.6844600e-001
  5.0667437e+002  2.6654310e-001  2.5879333e-001 -7.6851400e-001
  5.0797256e+002  2.6624047e-001  2.3861590e-001 -7.6857200e-001
  5.0926979e+002  2.6619442e-001  2.3240631e-001 -7.6863600e-001
  5.1058997e+002  2.6620100e-001  2.3352373e-001 -7.6886700e-001
  5.1188820e+002  2.6543127e-001  2.3797166e-001 -7.6895100e-001
  5.1319742e+002  2.6706283e-001  2.7054380e-001 -7.6913000e-001
  5.1449563e+002  2.6683915e-001  2.6173395e-001 -7.6925800e-001
  5.1578380e+002  2.6651678e-001  2.5587878e-001 -7.6961100e-001
  5.1708210e+002  2.6704967e-001  3.0070168e-001 -7.6962500e-001
  5.1839932e+002  2.6559574e-001  3.0697782e-001 -7.6967000e-001
  5.1974743e+002  2.6581942e-001  3.0576059e-001 -7.6980300e-001
  5.2104993e+002  2.6754309e-001  2.7060227e-001 -7.7001700e-001
  5.2235594e+002  2.6663520e-001  2.3898477e-001 -7.7029500e-001
  5.2365415e+002  2.6664178e-001  2.2206424e-001 -7.7041500e-001
  5.2496141e+002  2.6734572e-001  2.6887291e-001 -7.7040000e-001
  5.2627962e+002  2.6722730e-001  2.7044438e-001 -7.7069100e-001
  5.2759785e+002  2.6681283e-001  2.3174805e-001 -7.7076400e-001
  5.2890610e+002  2.6716151e-001  2.8196486e-001 -7.7074300e-001
  5.3020541e+002  2.6723388e-001  3.0801726e-001 -7.7083200e-001
  5.3152560e+002  2.6699046e-001  3.1245116e-001 -7.7088600e-001
  5.3282281e+002  2.6701020e-001  3.1411615e-001 -7.7093600e-001
  5.3413112e+002  2.6715493e-001  2.9774081e-001 -7.7082200e-001
  5.3542937e+002  2.6770098e-001  2.6476794e-001 -7.7082200e-001
  5.3674947e+002  2.6699046e-001  2.7151781e-001 -7.7099900e-001
  5.3805770e+002  2.6738520e-001  2.6426141e-001 -7.7117600e-001
  5.3937497e+002  2.6708915e-001  2.3432716e-001 -7.7104100e-001
  5.4068315e+002  2.6855624e-001  2.3037957e-001 -7.7129300e-001
  5.4198149e+002  2.6778651e-001  2.2872190e-001 -7.7127200e-001
  5.4327966e+002  2.6768782e-001  2.4133295e-001 -7.7121000e-001
  5.4458688e+002  2.6808914e-001  2.4018184e-001 -7.7111900e-001
  5.4592512e+002  2.6757598e-001  2.2797180e-001 -7.7108800e-001
  5.4723332e+002  2.6722730e-001  2.6338578e-001 -7.7104300e-001
  5.4853153e+002  2.6770756e-001  2.8616844e-001 -7.7099100e-001
  5.4983868e+002  2.6808256e-001  2.4639967e-001 -7.7093300e-001
  5.5113906e+002  2.6810229e-001  2.2898546e-001 -7.7086100e-001
  5.5244729e+002  2.6754967e-001  2.6083999e-001 -7.7088700e-001
  5.5373752e+002  2.6890492e-001  3.0780048e-001 -7.7081100e-001
  5.5504662e+002  2.6766809e-001  2.5999801e-001 -7.7072700e-001
  5.5634491e+002  2.6856939e-001  2.3855005e-001 -7.7066100e-001
  5.5764515e+002  2.6767467e-001  2.4829352e-001 -7.7056600e-001
  5.5895328e+002  2.6785887e-001  2.6781297e-001 -7.7047000e-001
  5.6025260e+002  2.6906939e-001  2.5074070e-001 -7.7040300e-001
  5.6155279e+002  2.6770756e-001  2.7238593e-001 -7.7034900e-001
  5.6286307e+002  2.6864176e-001  2.6622838e-001 -7.7033900e-001
  5.6416328e+002  2.6851018e-001  2.8866914e-001 -7.7032300e-001
  5.6548054e+002  2.6924702e-001  2.6376779e-001 -7.7042200e-001
  5.6678081e+002  2.6850361e-001  2.6785897e-001 -7.7037900e-001
  5.6807914e+002  2.6891150e-001  2.5574118e-001 -7.7028700e-001
  5.6937726e+002  2.6952333e-001  2.8430008e-001 -7.7022400e-001
  5.7069646e+002  2.6906281e-001  3.1238548e-001 -7.7041100e-001
  5.7200463e+002  2.6929307e-001  3.1800403e-001 -7.7041900e-001
  5.7331486e+002  2.6928649e-001  2.4922856e-001 -7.7041400e-001
  5.7461307e+002  2.6901676e-001  2.8892510e-001 -7.7044300e-001
  5.7591220e+002  2.6874702e-001  2.7843120e-001 -7.7018500e-001
  5.7723255e+002  2.6916149e-001  2.4245140e-001 -7.7013300e-001
  5.7854068e+002  2.6900360e-001  3.0491812e-001 -7.7007900e-001
  5.7984094e+002  2.6901676e-001  2.5070773e-001 -7.7023900e-001
  5.8113920e+002  2.6954965e-001  2.2799771e-001 -7.7028600e-001
  5.8244640e+002  2.6979307e-001  2.7962886e-001 -7.7002900e-001
  5.8375461e+002  2.6977991e-001  2.3945839e-001 -7.7028000e-001
  5.8506494e+002  2.6927333e-001  2.1450462e-001 -7.7031800e-001
  5.8636216e+002  2.6955623e-001  2.9411644e-001 -7.7044400e-001
  5.8767040e+002  2.6993122e-001  3.2337923e-001 -7.7060700e-001
  5.8896868e+002  2.6958912e-001  2.5849831e-001 -7.7071500e-001
  5.9027691e+002  2.6880623e-001  2.7527421e-001 -7.7081700e-001
  5.9158409e+002  2.6875360e-001  2.6652406e-001 -7.7086800e-001
  5.9288245e+002  2.6996412e-001  2.4349803e-001 -7.7094100e-001
  5.9418267e+002  2.6981938e-001  2.3247214e-001 -7.7085300e-001
  5.9549988e+002  2.6999043e-001  2.5748485e-001 -7.7085800e-001
  5.9679807e+002  2.7012201e-001  2.4722201e-001 -7.7067200e-001
  5.9810838e+002  2.7010227e-001  2.8762226e-001 -7.7057700e-001
  5.9941667e+002  2.7008254e-001  2.4841944e-001 -7.7070100e-001
  6.0071397e+002  2.7020754e-001  2.2616969e-001 -7.7078400e-001
  6.0202423e+002  2.7020754e-001  2.0441924e-001 -7.7082800e-001
  6.0333241e+002  2.7012859e-001  2.9091855e-001 -7.7076200e-001
  6.0463060e+002  2.7038517e-001  2.5566941e-001 -7.7074200e-001
  6.0593780e+002  2.7058911e-001  2.9101771e-001 -7.7073100e-001
  6.0724603e+002  2.7123384e-001  3.1470830e-001 -7.7053800e-001
  6.0854424e+002  2.7051016e-001  2.7649759e-001 -7.7038100e-001
  6.0985247e+002  2.7110884e-001  2.5203696e-001 -7.7041100e-001
  6.1116058e+002  2.7068779e-001  2.1972824e-001 -7.6780700e-001
  6.1245989e+002  2.7079963e-001  2.3002496e-001 -7.6827600e-001
  6.1376814e+002  2.7029306e-001  2.6036643e-001 -7.6859600e-001
  6.1507637e+002  2.7034569e-001  2.8756990e-001 -7.6880200e-001
  6.1639365e+002  2.7093779e-001  3.1825435e-001 -7.6885000e-001
  6.1770186e+002  2.7113516e-001  2.6072091e-001 -7.6885500e-001
  6.1903006e+002  2.7096411e-001  2.3341280e-001 -7.6896900e-001
  6.2036027e+002  2.7123384e-001  2.2626725e-001 -7.6916400e-001
  6.2167746e+002  2.7074042e-001  2.8293149e-001 -7.6896100e-001
  6.2298775e+002  2.7079963e-001  2.4217494e-001 -7.6920500e-001
  6.2428595e+002  2.7161542e-001  3.0015505e-001 -7.6930400e-001
  6.2559422e+002  2.7149700e-001  3.1655647e-001 -7.6950000e-001
  6.2691344e+002  2.7132595e-001  2.4625414e-001 -7.6942600e-001
  6.2823163e+002  2.7155621e-001  2.9893148e-001 -7.6959100e-001
  6.2954187e+002  2.7118779e-001  2.4617500e-001 -7.6951200e-001
  6.3085214e+002  2.7195094e-001  3.0999783e-001 -7.6945200e-001
  6.3215938e+002  2.7175357e-001  2.7076019e-001 -7.6960200e-001
  6.3345768e+002  2.7112858e-001  2.7635888e-001 -7.6953100e-001
  6.3478774e+002  2.7189831e-001  3.0792548e-001 -7.6962400e-001
  6.3610598e+002  2.7187857e-001  2.6995864e-001 -7.6970600e-001
  6.3740320e+002  2.7202331e-001  2.5365537e-001 -7.6985500e-001
  6.3873143e+002  2.7183252e-001  2.8489819e-001 -7.7005300e-001
  6.4005971e+002  2.7137200e-001  2.5764208e-001 -7.7020000e-001
  6.4137982e+002  2.7129963e-001  3.1526751e-001 -7.7040200e-001
  6.4267708e+002  2.7244435e-001  2.7146474e-001 -7.7048900e-001
  6.4398732e+002  2.7090490e-001  2.7282009e-001 -7.7053900e-001
  6.4529752e+002  2.7185226e-001  2.5684697e-001 -7.7058100e-001
  6.4661565e+002  2.7168120e-001  2.7309653e-001 -7.7077300e-001
  6.4793407e+002  2.7227988e-001  2.8503679e-001 -7.7085600e-001
  6.4924325e+002  2.7274040e-001  2.7210293e-001 -7.7084600e-001
  6.5055344e+002  2.7127331e-001  2.7468199e-001 -7.7064000e-001
  6.5186358e+002  2.7192462e-001  2.5173414e-001 -7.7061100e-001
  6.5317187e+002  2.7201015e-001  2.9753735e-001 -7.7055400e-001
  6.5446906e+002  2.7195752e-001  2.5720114e-001 -7.7044200e-001
  6.5577720e+002  2.7170094e-001  2.6375398e-001 -7.7054900e-001
  6.5708752e+002  2.7297067e-001  2.6425417e-001 -7.7045300e-001
  6.5841576e+002  2.7225357e-001  2.7393779e-001 -7.7050300e-001
  6.5972599e+002  2.7165489e-001  2.7805684e-001 -7.7061900e-001
  6.6103521e+002  2.7293119e-001  2.6522823e-001 -7.7059800e-001
  6.6234541e+002  2.7276672e-001  2.9133346e-001 -7.7063400e-001
  6.6364374e+002  2.7283251e-001  2.6366242e-001 -7.7070400e-001
  6.6495291e+002  2.7260225e-001  2.3138006e-001 -7.7077300e-001
  6.6629313e+002  2.7200357e-001  2.8630056e-001 -7.7070600e-001
  6.6765129e+002  2.7304303e-001  2.9628670e-001 -7.7068600e-001
  6.6900942e+002  2.7274040e-001  2.7240488e-001 -7.7084000e-001
  6.7036658e+002  2.7275356e-001  2.8223399e-001 -7.7096900e-001
  6.7172482e+002  2.7278646e-001  2.5403775e-001 -7.7104300e-001
  6.7308530e+002  2.7324698e-001  2.8760303e-001 -7.7100700e-001
  6.7442543e+002  2.7342461e-001  2.8195753e-001 -7.7091100e-001
  6.7575270e+002  2.7343119e-001  2.5121487e-001 -7.7070700e-001
  6.7709280e+002  2.7357592e-001  2.6379323e-001 -7.7051000e-001
  6.7841095e+002  2.7368118e-001  2.4814963e-001 -7.7060300e-001
  6.7973929e+002  2.7354961e-001  2.3212986e-001 -7.7060300e-001
  6.8106746e+002  2.7368776e-001  2.5821475e-001 -7.7055400e-001
  6.8240469e+002  2.7399039e-001  2.6874711e-001 -7.7053700e-001
  6.8376289e+002  2.7299698e-001  2.4646435e-001 -7.7062800e-001
  6.8511104e+002  2.7337856e-001  2.8923393e-001 -7.7070100e-001
  6.8648135e+002  2.7371408e-001  2.6372168e-001 -7.7034400e-001
  6.8788140e+002  2.7242462e-001  2.7508987e-001 -7.7026100e-001
  6.8921103e+002  2.7293119e-001  2.5982059e-001 -7.7035400e-001
  6.9055073e+002  2.7402987e-001  2.5953002e-001 -7.7033400e-001
  6.9189901e+002  2.7397723e-001  2.5212878e-001 -7.7023500e-001
  6.9324929e+002  2.7403644e-001  3.0924100e-001 -7.7014400e-001
  6.9457830e+002  2.7406934e-001  3.2041849e-001 -7.7027200e-001
  6.9591870e+002  2.7387197e-001  2.5244473e-001 -7.7041400e-001
  6.9722688e+002  2.7487854e-001  2.9201748e-001 -7.7035800e-001
  6.9853612e+002  2.7422065e-001  3.1389188e-001 -7.7032100e-001
  6.9985425e+002  2.7420092e-001  2.6420869e-001 -7.7033100e-001
  7.0117250e+002  2.7444433e-001  2.5570812e-001 -7.7022000e-001
  7.0248264e+002  2.7399039e-001  2.5855716e-001 -7.7016000e-001
  7.0379297e+002  2.7460881e-001  2.8383992e-001 -7.6999200e-001
  7.0509023e+002  2.7470091e-001  2.9608242e-001 -7.7007300e-001
  7.0640040e+002  2.7329961e-001  2.9608235e-001 -7.7011500e-001
  7.0772861e+002  2.7438512e-001  2.4180685e-001 -7.7007900e-001
  7.0903694e+002  2.7480617e-001  2.3704450e-001 -7.6970600e-001
  7.1034424e+002  2.7447065e-001  2.2679461e-001 -7.6974400e-001
  7.1166244e+002  2.7557590e-001  2.4631305e-001 -7.6976400e-001
  7.1297073e+002  2.7545748e-001  2.4846433e-001 -7.6969800e-001
  7.1427789e+002  2.7438512e-001  2.5966160e-001 -7.6986800e-001
  7.1558613e+002  2.7502328e-001  2.4588654e-001 -7.6992000e-001
  7.1690440e+002  2.7534564e-001  2.8843877e-001 -7.6998900e-001
  7.1822260e+002  2.7588511e-001  2.6478688e-001 -7.6990300e-001
  7.1953287e+002  2.7463512e-001  2.6056979e-001 -7.6989000e-001
  7.2085007e+002  2.7568774e-001  2.8538523e-001 -7.6988900e-001
  7.2217033e+002  2.7484565e-001  2.5375378e-001 -7.6998400e-001
  7.2348061e+002  2.7505617e-001  2.6840492e-001 -7.7006000e-001
  7.2478986e+002  2.7582590e-001  2.4835249e-001 -7.7006500e-001
  7.2612013e+002  2.7606274e-001  2.5085271e-001 -7.7013000e-001
  7.2742839e+002  2.7543117e-001  2.2943193e-001 -7.7015100e-001
  7.2873559e+002  2.7554959e-001  2.9131994e-001 -7.7012800e-001
  7.3005392e+002  2.7592458e-001  2.5548506e-001 -7.7020300e-001
  7.3137413e+002  2.7558906e-001  2.8916889e-001 -7.7024200e-001
  7.3269237e+002  2.7587853e-001  2.6434680e-001 -7.7028400e-001
  7.3401049e+002  2.7667458e-001  2.7254376e-001 -7.7035000e-001
  7.3532778e+002  2.7602984e-001  2.5645882e-001 -7.7022700e-001
  7.3666589e+002  2.7568116e-001  2.2631437e-001 -7.7033300e-001
  7.3799401e+002  2.7612853e-001  2.2569595e-001 -7.7027300e-001
  7.3932221e+002  2.7591800e-001  2.6112290e-001 -7.7044700e-001
  7.4067245e+002  2.7598379e-001  2.4207014e-001 -7.7047200e-001
  7.4197957e+002  2.7620747e-001  2.2801723e-001 -7.7055300e-001
  7.4327984e+002  2.7633247e-001  2.3978683e-001 -7.7053700e-001
  7.4460792e+002  2.7617458e-001  2.3310924e-001 -7.7078400e-001
  7.4591615e+002  2.7600353e-001  2.5372107e-001 -7.7079600e-001
  7.4724436e+002  2.7672721e-001  2.6045864e-001 -7.7062700e-001
  7.4858153e+002  2.7629958e-001  2.8604406e-001 -7.7064900e-001
  7.4988971e+002  2.7644431e-001  2.7365512e-001 -7.7077600e-001
  7.5120791e+002  2.7604300e-001  2.6955028e-001 -7.7078700e-001
  7.5252612e+002  2.7647721e-001  2.9481927e-001 -7.7055200e-001
  7.5383532e+002  2.7674694e-001  2.6096431e-001 -7.7081000e-001
  7.5515546e+002  2.7697720e-001  2.5739919e-001 -7.7069600e-001
  7.5647379e+002  2.7668773e-001  2.5120162e-001 -7.7041600e-001
  7.5779299e+002  2.7711536e-001  2.6983254e-001 -7.7033500e-001
  7.5911322e+002  2.7744430e-001  2.7753063e-001 -7.7031000e-001
  7.6044136e+002  2.7664826e-001  2.4234619e-001 -7.7016200e-001
  7.6176953e+002  2.7718773e-001  3.1720843e-001 -7.7009800e-001
  7.6309978e+002  2.7643774e-001  2.8274728e-001 -7.7037500e-001
  7.6443701e+002  2.7711536e-001  2.6329971e-001 -7.7034100e-001
  7.6575525e+002  2.7744430e-001  3.0577346e-001 -7.7048600e-001
  7.6710350e+002  2.7713510e-001  2.5937331e-001 -7.7015200e-001
  7.6845164e+002  2.7699036e-001  2.7494555e-001 -7.7020400e-001
  7.6977073e+002  2.7751009e-001  2.6317583e-001 -7.7022000e-001
  7.7109904e+002  2.7688510e-001  2.7841229e-001 -7.7025000e-001
  7.7243726e+002  2.7720089e-001  3.1801741e-001 -7.7029500e-001
  7.7378543e+002  2.7722720e-001  3.1074745e-001 -7.7029400e-001
  7.7510366e+002  2.7719431e-001  2.9878020e-001 -7.7041200e-001
  7.7644291e+002  2.7760220e-001  3.1025343e-001 -7.7029800e-001
  7.7777114e+002  2.7744430e-001  2.7172765e-001 -7.7037400e-001
  7.7911123e+002  2.7784562e-001  2.5474727e-001 -7.7033700e-001
  7.8045149e+002  2.7841798e-001  2.4624801e-001 -7.7036500e-001
  7.8176865e+002  2.7794430e-001  2.6453710e-001 -7.7027100e-001
  7.8308687e+002  2.7838508e-001  2.9445737e-001 -7.7050900e-001
  7.8441501e+002  2.7755615e-001  2.5470771e-001 -7.7064600e-001
  7.8572524e+002  2.7853640e-001  2.8497737e-001 -7.7069400e-001
  7.8705348e+002  2.7797719e-001  2.9196391e-001 -7.7078900e-001
  7.8836272e+002  2.7789167e-001  2.8901015e-001 -7.7088000e-001
  7.8970291e+002  2.7833903e-001  2.9223364e-001 -7.7081500e-001
  7.9104114e+002  2.7859561e-001  2.4055001e-001 -7.7076500e-001
  7.9238940e+002  2.7843772e-001  2.4178692e-001 -7.7093400e-001
  7.9371657e+002  2.7843772e-001  2.2624127e-001 -7.7109200e-001
  7.9503483e+002  2.7839166e-001  2.6760943e-001 -7.7104800e-001
  7.9635296e+002  2.7843114e-001  2.5426775e-001 -7.7108100e-001
  7.9769324e+002  2.7812851e-001  2.7422726e-001 -7.7097100e-001
  7.9903048e+002  2.7900350e-001  2.9086532e-001 -7.7093000e-001
  8.0035065e+002  2.7862850e-001  2.5385326e-001 -7.7119400e-001
  8.0170088e+002  2.7849035e-001  2.2658969e-001 -7.6891300e-001
  8.0303504e+002  2.7872719e-001  2.4623443e-001 -7.7070200e-001
  8.0435018e+002  2.7892455e-001  2.9692552e-001 -7.7146000e-001
  8.0567833e+002  2.7862192e-001  2.7204305e-001 -7.7151200e-001
  8.0698855e+002  2.7826009e-001  2.6780639e-001 -7.7194600e-001
  8.0832684e+002  2.7940481e-001  2.5383373e-001 -7.7233800e-001
  8.0966601e+002  2.7900350e-001  2.3205066e-001 -7.7243800e-001
  8.1098429e+002  2.7954955e-001  2.4608937e-001 -7.7264300e-001
  8.1232254e+002  2.7903639e-001  2.4420135e-001 -7.7274600e-001
  8.1363268e+002  2.7958902e-001  2.7866177e-001 -7.7284000e-001
  8.1496099e+002  2.7879955e-001  2.6343133e-001 -7.7296300e-001
  8.1628807e+002  2.7983902e-001  3.0793204e-001 -7.7280800e-001
  8.1761632e+002  2.7985217e-001  2.7320158e-001 -7.7274300e-001
  8.1895443e+002  2.7957586e-001  2.3852483e-001 -7.7295900e-001
  8.2029260e+002  2.8000349e-001  2.6933304e-001 -7.7297700e-001
  8.2161993e+002  2.7950349e-001  2.5016898e-001 -7.7319400e-001
  8.2294915e+002  2.7987849e-001  2.9445826e-001 -7.7341000e-001
  8.2427634e+002  2.7963507e-001  2.6453050e-001 -7.7383700e-001
  8.2560364e+002  2.8004954e-001  2.5371430e-001 -7.7396300e-001
  8.2694186e+002  2.7976665e-001  2.4890541e-001 -7.7399700e-001
  8.2828607e+002  2.8044427e-001  2.9112926e-001 -7.7420700e-001
  8.2963622e+002  2.7997059e-001  2.7428002e-001 -7.7447000e-001
  8.3096450e+002  2.8023375e-001  2.6270820e-001 -7.7450800e-001
  8.3229171e+002  2.8004296e-001  2.8683951e-001 -7.7444100e-001
  8.3362197e+002  2.7994428e-001  2.6095151e-001 -7.7448600e-001
  8.3497020e+002  2.8037191e-001  2.4362343e-001 -7.7420200e-001
  8.3629842e+002  2.8035875e-001  2.3261694e-001 -7.7419600e-001
  8.3762561e+002  2.8082585e-001  2.8205051e-001 -7.7400200e-001
  8.3895389e+002  2.8065480e-001  2.6140611e-001 -7.7368800e-001
  8.4031016e+002  2.8014165e-001  2.9497112e-001 -7.7380400e-001
  8.4164837e+002  2.7992454e-001  2.8268807e-001 -7.7392500e-001
  8.4297915e+002  2.8091795e-001  2.8412862e-001 -7.7342400e-001
  8.4431852e+002  2.8076664e-001  2.8997754e-001 -7.7396600e-001
  8.4567604e+002  2.8077322e-001  3.1033256e-001 -7.7378100e-001
  8.4701627e+002  2.8068769e-001  2.6236552e-001 -7.7378500e-001
  8.4834547e+002  2.8105611e-001  3.0020769e-001 -7.7391800e-001
  8.4967372e+002  2.8099032e-001  2.7020193e-001 -7.7405600e-001
  8.5104203e+002  2.8082585e-001  2.5327376e-001 -7.7433200e-001
  8.5238052e+002  2.8099032e-001  2.6335894e-001 -7.7449000e-001
  8.5370976e+002  2.8096401e-001  2.7088521e-001 -7.7468200e-001
  8.5503998e+002  2.8097716e-001  2.5812880e-001 -7.7458500e-001
  8.5635825e+002  2.8142453e-001  3.1647775e-001 -7.7459900e-001
  8.5768551e+002  2.8108243e-001  3.2115511e-001 -7.7466200e-001
  8.5901576e+002  2.8131269e-001  2.6129328e-001 -7.7470700e-001
  8.6035399e+002  2.8143111e-001  2.4237271e-001 -7.7481500e-001
  8.6171118e+002  2.8135216e-001  3.0421476e-001 -7.7488200e-001
  8.6303948e+002  2.8112848e-001  3.0985258e-001 -7.7453800e-001
  8.6437973e+002  2.8181268e-001  3.3214892e-001 -7.7448800e-001
  8.6574092e+002  2.8133242e-001  2.8393114e-001 -7.7451000e-001
  8.6709205e+002  2.8232583e-001  2.4999063e-001 -7.7460000e-001
  8.6848026e+002  2.8157584e-001  2.2547150e-001 -7.7459100e-001
  8.6980730e+002  2.8193110e-001  2.3275458e-001 -7.7445600e-001
  8.7116763e+002  2.8144426e-001  2.8198445e-001 -7.7463800e-001
  8.7259758e+002  2.8211531e-001  3.0670151e-001 -7.7480800e-001
  8.7395593e+002  2.8152979e-001  2.6345157e-001 -7.7485300e-001
  8.7530609e+002  2.8176005e-001  2.7801093e-001 -7.7499900e-001
  8.7664617e+002  2.8304951e-001  2.5991882e-001 -7.7508600e-001
  8.7798344e+002  2.8210215e-001  2.7029377e-001 -7.7525100e-001
  8.7932361e+002  2.8193768e-001  2.4527407e-001 -7.7529400e-001
  8.8068189e+002  2.8248373e-001  2.8637258e-001 -7.7546700e-001
  8.8202199e+002  2.8193768e-001  2.5637304e-001 -7.7550600e-001
  8.8336225e+002  2.8220084e-001  2.1560987e-001 -7.7550300e-001
  8.8469131e+002  2.8226005e-001  2.3413591e-001 -7.7555400e-001
  8.8601955e+002  2.8231926e-001  2.6320159e-001 -7.7554100e-001
  8.8735781e+002  2.8235873e-001  2.7791152e-001 -7.7542000e-001
  8.8868500e+002  2.8250346e-001  2.3416871e-001 -7.7548900e-001
  8.9001345e+002  2.8296399e-001  2.8221447e-001 -7.7536500e-001
  8.9135346e+002  2.8369424e-001  2.7716799e-001 -7.7485500e-001
  8.9269274e+002  2.8230610e-001  2.4199820e-001 -7.7496900e-001
  8.9403294e+002  2.8256925e-001  2.6194478e-001 -7.7500400e-001
  8.9536317e+002  2.8269425e-001  2.7885880e-001 -7.7473800e-001
  8.9670139e+002  2.8312188e-001  2.5548480e-001 -7.7469800e-001
  8.9805960e+002  2.8335214e-001  2.7747807e-001 -7.7481400e-001
  8.9938667e+002  2.8244425e-001  2.8651701e-001 -7.7491600e-001
  9.0072500e+002  2.8135874e-001  2.8259585e-001 -7.7387500e-001
  9.0205316e+002  2.8144426e-001  2.7518775e-001 -7.7408100e-001
  9.0338336e+002  2.8400345e-001  2.4039256e-001 -7.7422300e-001
  9.0472267e+002  2.8315477e-001  2.2519513e-001 -7.7404900e-001
  9.0609085e+002  2.8393766e-001  2.6901735e-001 -7.7408300e-001
  9.0748107e+002  2.8371398e-001  3.3262257e-001 -7.7436400e-001
  9.0880930e+002  2.8301004e-001  2.9958224e-001 -7.7444900e-001
  9.1014753e+002  2.8375345e-001  3.2145166e-001 -7.7442700e-001
  9.1147481e+002  2.8362187e-001  2.8451013e-001 -7.7459800e-001
  9.1280299e+002  2.8435871e-001  2.5587879e-001 -7.7471300e-001
  9.1413324e+002  2.8322714e-001  2.8190479e-001 -7.7465200e-001
  9.1547049e+002  2.8395740e-001  3.0127346e-001 -7.7440900e-001
  9.1680866e+002  2.8470081e-001  2.7319526e-001 -7.7429100e-001
  9.1816686e+002  2.8377319e-001  2.5125395e-001 -7.7440300e-001
  9.1949506e+002  2.8441792e-001  2.5652430e-001 -7.7415700e-001
  9.2083217e+002  2.8409555e-001  2.2749128e-001 -7.7415800e-001
  9.2216248e+002  2.8387845e-001  2.9920134e-001 -7.7417700e-001
  9.2350069e+002  2.8371398e-001  2.7634676e-001 -7.7437800e-001
  9.2482890e+002  2.8431266e-001  2.4307046e-001 -7.7441200e-001
  9.2616796e+002  2.8425345e-001  3.0233971e-001 -7.7441600e-001
  9.2749948e+002  2.8374029e-001  3.2851676e-001 -7.7462000e-001
  9.2883868e+002  2.8447713e-001  2.6009630e-001 -7.7469400e-001
  9.3019684e+002  2.8438502e-001  2.3286009e-001 -7.7467000e-001
  9.3155497e+002  2.8454950e-001  2.9496485e-001 -7.7483800e-001
  9.3289221e+002  2.8472055e-001  3.2004355e-001 -7.7495900e-001
  9.3425036e+002  2.8466792e-001  2.8915506e-001 -7.7505600e-001
  9.3559062e+002  2.8470739e-001  2.5203781e-001 -7.7517000e-001
  9.3694883e+002  2.8476660e-001  2.2281349e-001 -7.7535600e-001
  9.3830593e+002  2.8548370e-001  2.6400391e-001 -7.7538400e-001
  9.3963421e+002  2.8506265e-001  2.6101697e-001 -7.7536800e-001
  9.4099245e+002  2.8529949e-001  2.9466211e-001 -7.7565800e-001
  9.4236069e+002  2.8518107e-001  3.2692448e-001 -7.7587800e-001
  9.4368883e+002  2.8460213e-001  2.6253035e-001 -7.7601400e-001
  9.4504797e+002  2.8491133e-001  2.4245847e-001 -7.7617100e-001
  9.4638621e+002  2.8416134e-001  2.5797174e-001 -7.7619300e-001
  9.4771436e+002  2.8534554e-001  2.4051157e-001 -7.7619400e-001
  9.4907256e+002  2.8464818e-001  2.6114901e-001 -7.7616100e-001
  9.5042180e+002  2.8524686e-001  3.2167527e-001 -7.7609700e-001
  9.5177000e+002  2.8476002e-001  3.2606327e-001 -7.7609700e-001
  9.5312026e+002  2.8505607e-001  3.3690542e-001 -7.7611300e-001
  9.5446844e+002  2.8534554e-001  3.2578688e-001 -7.7613500e-001
  9.5579556e+002  2.8554291e-001  3.2426729e-001 -7.7618700e-001
  9.5713378e+002  2.8601659e-001  2.9812864e-001 -7.7622300e-001
  9.5846214e+002  2.8529949e-001  2.8306933e-001 -7.7618900e-001
  9.5980132e+002  2.8595080e-001  2.6559006e-001 -7.7613900e-001
  9.6115055e+002  2.8543764e-001  2.5352388e-001 -7.7589000e-001
  9.6249771e+002  2.8571396e-001  2.3874086e-001 -7.7548500e-001
  9.6383589e+002  2.8589817e-001  2.6918146e-001 -7.7541800e-001
  9.6518614e+002  2.8629948e-001  2.5861567e-001 -7.7537700e-001
  9.6654325e+002  2.8616790e-001  3.0118779e-001 -7.7519600e-001
  9.6788161e+002  2.8627316e-001  3.2575417e-001 -7.7475000e-001
  9.6921180e+002  2.8658237e-001  3.2196403e-001 -7.7472400e-001
  9.7055001e+002  2.8599027e-001  3.3064886e-001 -7.7474300e-001
  9.7187824e+002  2.8606264e-001  2.6713580e-001 -7.7479100e-001
  9.7321548e+002  2.8724684e-001  2.5197191e-001 -7.7487600e-001
  9.7456565e+002  2.8606264e-001  2.4437313e-001 -7.7491100e-001
  9.7593584e+002  2.8639158e-001  3.0020168e-001 -7.7496000e-001
  9.7727409e+002  2.8731263e-001  2.8472105e-001 -7.7497800e-001
  9.7863313e+002  2.8618106e-001  2.5291920e-001 -7.7496800e-001
  9.7997359e+002  2.8636527e-001  2.2902455e-001 -7.7490300e-001
  9.8132169e+002  2.8680605e-001  2.3614973e-001 -7.7507200e-001
  9.8265992e+002  2.8662184e-001  2.9525448e-001 -7.7510400e-001
  9.8399913e+002  2.8665474e-001  3.1611587e-001 -7.7505900e-001
  9.8533936e+002  2.8627974e-001  2.8343217e-001 -7.7506100e-001
  9.8667956e+002  2.8725342e-001  2.3209684e-001 -7.7429500e-001
  9.8800686e+002  2.8674684e-001  2.2393887e-001 -7.7471100e-001
  9.8934508e+002  2.8721394e-001  3.1123438e-001 -7.7449600e-001
  9.9068332e+002  2.8714815e-001  3.3443778e-001 -7.7431900e-001
  9.9203154e+002  2.8708894e-001  2.8447087e-001 -7.7391100e-001
  9.9337877e+002  2.8762183e-001  2.8003645e-001 -7.7378100e-001
  9.9472896e+002  2.8795078e-001  3.2373454e-001 -7.7399600e-001
  9.9607707e+002  2.8723368e-001  3.0158257e-001 -7.7403600e-001
  9.9741525e+002  2.8716131e-001  2.6468870e-001 -7.7408300e-001
  9.9880332e+002  2.8723368e-001  2.6308945e-001 -7.7426000e-001
  1.0001635e+003  2.8712842e-001  2.3724110e-001 -7.7438000e-001
  1.0015027e+003  2.8760868e-001  2.8787856e-001 -7.7421200e-001
  1.0028428e+003  2.8797051e-001  3.1943783e-001 -7.7437900e-001
  1.0041710e+003  2.8768104e-001  2.6215583e-001 -7.7326700e-001
  1.0055112e+003  2.8783894e-001  3.0647138e-001 -7.7274500e-001
  1.0068664e+003  2.8733236e-001  3.1010253e-001 -7.7244600e-001
  1.0081936e+003  2.8795736e-001  2.8891805e-001 -7.7222900e-001
  1.0095218e+003  2.8702316e-001  2.8484560e-001 -7.7213900e-001
  1.0108820e+003  2.8797709e-001  2.5628779e-001 -7.7220400e-001
  1.0122201e+003  2.8819420e-001  2.3362309e-001 -7.7207800e-001
  1.0135883e+003  2.8847051e-001  2.4127474e-001 -7.7182500e-001
  1.0149155e+003  2.8829946e-001  2.9541834e-001 -7.7182000e-001
  1.0162447e+003  2.8812841e-001  2.5597828e-001 -7.7183800e-001
  1.0175719e+003  2.8804946e-001  3.0606315e-001 -7.7184600e-001
  1.0189100e+003  2.8829946e-001  2.7997126e-001 -7.7199000e-001
  1.0202681e+003  2.8850998e-001  2.8188562e-001 -7.7205400e-001
  1.0216154e+003  2.8844419e-001  2.7393230e-001 -7.7211300e-001
  1.0229736e+003  2.8822051e-001  2.4274184e-001 -7.7215900e-001
  1.0243418e+003  2.8895077e-001  2.5594493e-001 -7.7222400e-001
  1.0257119e+003  2.8882577e-001  2.8303046e-001 -7.7183900e-001
  1.0270721e+003  2.8900340e-001  3.0846447e-001 -7.7176800e-001
  1.0284092e+003  2.8855603e-001  2.8129956e-001 -7.7173100e-001
  1.0297574e+003  2.8870077e-001  2.9570782e-001 -7.7182600e-001
  1.0311256e+003  2.8905603e-001  2.9977970e-001 -7.7204000e-001
  1.0324661e+003  2.8881919e-001  2.8640476e-001 -7.7214000e-001
  1.0338132e+003  2.8915471e-001  2.5404323e-001 -7.7231600e-001
  1.0351834e+003  2.8898366e-001  2.7839174e-001 -7.7241400e-001
  1.0365256e+003  2.8858893e-001  2.7104992e-001 -7.7240700e-001
  1.0378837e+003  2.8906919e-001  2.6395760e-001 -7.7252200e-001
  1.0392208e+003  2.8849682e-001  3.0632647e-001 -7.7230700e-001
  1.0405611e+003  2.8949681e-001  3.2672117e-001 -7.7234700e-001
  1.0418893e+003  2.8925997e-001  2.8474031e-001 -7.7229200e-001
  1.0432474e+003  2.8897708e-001  2.8541802e-001 -7.7209100e-001
  1.0446355e+003  2.8927971e-001  2.6351687e-001 -7.7192700e-001
  1.0459938e+003  2.8952313e-001  2.6150368e-001 -7.7214300e-001
  1.0473310e+003  2.8993102e-001  2.5233960e-001 -7.7229200e-001
  1.0486791e+003  2.9011523e-001  2.4430066e-001 -7.7260200e-001
  1.0500673e+003  2.8966787e-001  3.1293200e-001 -7.7257500e-001
  1.0514255e+003  2.8981918e-001  3.4278025e-001 -7.7242600e-001
  1.0527637e+003  2.8922050e-001  2.7401041e-001 -7.7259800e-001
  1.0541209e+003  2.9004286e-001  3.2022130e-001 -7.7277100e-001
  1.0554611e+003  2.8976655e-001  2.7243882e-001 -7.7294700e-001
  1.0568093e+003  2.8954945e-001  2.4733401e-001 -7.7258000e-001
  1.0581695e+003  2.8954287e-001  2.4376794e-001 -7.7272200e-001
  1.0595167e+003  2.9009549e-001  2.5137301e-001 -7.7279900e-001
  1.0608570e+003  2.9014154e-001  2.4454421e-001 -7.7286200e-001
  1.0621972e+003  2.9024023e-001  2.4547160e-001 -7.7313700e-001
  1.0635453e+003  2.9040470e-001  2.6066830e-001 -7.7326800e-001
  1.0649045e+003  2.9047707e-001  2.6283381e-001 -7.7336500e-001
  1.0662557e+003  2.8981260e-001  2.5981955e-001 -7.7337400e-001
  1.0676039e+003  2.9075996e-001  2.5334047e-001 -7.7325200e-001
  1.0689820e+003  2.9081259e-001  3.0381368e-001 -7.7330300e-001
  1.0703402e+003  2.9043102e-001  2.8119471e-001 -7.7342600e-001
  1.0716883e+003  2.9089154e-001  2.6459582e-001 -7.7332300e-001
  1.0730567e+003  2.9116785e-001  2.6014861e-001 -7.7315300e-001
  1.0744337e+003  2.9040470e-001  2.7301701e-001 -7.7293000e-001
  1.0757719e+003  2.9041786e-001  2.9029292e-001 -7.7304000e-001
  1.0771121e+003  2.9064154e-001  2.9366788e-001 -7.7312600e-001
  1.0784693e+003  2.9129285e-001  2.4101077e-001 -7.7326800e-001
  1.0798095e+003  2.9015470e-001  2.6752996e-001 -7.7308600e-001
  1.0811577e+003  2.9083233e-001  3.0566839e-001 -7.7334600e-001
  1.0825159e+003  2.9087838e-001  3.0850383e-001 -7.7330000e-001
  1.0838741e+003  2.9182574e-001  3.0416151e-001 -7.7343800e-001
  1.0852323e+003  2.9070075e-001  2.7183282e-001 -7.7307200e-001
  1.0865815e+003  2.9150337e-001  2.4478703e-001 -7.7327200e-001
  1.0879317e+003  2.8993102e-001  2.4873414e-001 -7.7318500e-001
  1.0892998e+003  2.9081259e-001  2.8096418e-001 -7.7311300e-001
  1.0906692e+003  2.9217442e-001  3.0837897e-001 -7.7320400e-001
  1.0920173e+003  2.9141127e-001  3.3134621e-001 -7.7341000e-001
  1.0933675e+003  2.9205600e-001  3.1377994e-001 -7.7344500e-001
  1.0947177e+003  2.9172705e-001  3.0778009e-001 -7.7350000e-001
  1.0960679e+003  2.9173363e-001  2.8558257e-001 -7.7357300e-001
  1.0974280e+003  2.9145732e-001  2.8100352e-001 -7.7359100e-001
  1.0987752e+003  2.9142443e-001  2.7094437e-001 -7.7358700e-001
  1.1001235e+003  2.9228626e-001  2.5206996e-001 -7.7369100e-001
  1.1014716e+003  2.9195074e-001  2.4684051e-001 -7.7385600e-001
  1.1028197e+003  2.9199021e-001  2.4112984e-001 -7.7381600e-001
  1.1041669e+003  2.9144416e-001  2.4834001e-001 -7.7405300e-001
  1.1055371e+003  2.9248363e-001  2.4608345e-001 -7.7417500e-001
  1.1069153e+003  2.9242442e-001  2.4709033e-001 -7.7404800e-001
  1.1082835e+003  2.9128627e-001  2.4101050e-001 -7.7456700e-001
  1.1096417e+003  2.9165469e-001  2.9322054e-001 -7.7449300e-001
  1.1110008e+003  2.9177969e-001  2.5811558e-001 -7.7469600e-001
  1.1123590e+003  2.9175337e-001  3.0683909e-001 -7.7494300e-001
  1.1137191e+003  2.9254942e-001  2.9477313e-001 -7.7485700e-001
  1.1150874e+003  2.9162837e-001  2.9793772e-001 -7.7482800e-001
  1.1164546e+003  2.9193100e-001  3.2385280e-001 -7.7470300e-001
  1.1178027e+003  2.9334546e-001  2.7317538e-001 -7.7469700e-001
  1.1191609e+003  2.9280599e-001  2.5710899e-001 -7.7463400e-001
  1.1205291e+003  2.9252968e-001  2.5425446e-001 -7.7433700e-001
  1.1219173e+003  2.9290467e-001  3.0926085e-001 -7.7444200e-001
  1.1232555e+003  2.9250994e-001  2.7405036e-001 -7.7455200e-001
  1.1246147e+003  2.9239810e-001  2.7494454e-001 -7.7461300e-001
  1.1259558e+003  2.9291125e-001  2.7885877e-001 -7.7439400e-001
  1.1273140e+003  2.9288494e-001  2.6771414e-001 -7.7436100e-001
  1.1286522e+003  2.9301652e-001  3.0675400e-001 -7.7458100e-001
  1.1300104e+003  2.9300994e-001  3.3042510e-001 -7.7487400e-001
  1.1313884e+003  2.9341125e-001  2.7662924e-001 -7.7515500e-001
  1.1327456e+003  2.9324020e-001  2.7809616e-001 -7.7357500e-001
  1.1341157e+003  2.9269415e-001  2.7599746e-001 -7.7184800e-001
  1.1354539e+003  2.9272047e-001  2.7842469e-001 -7.7196000e-001
  1.1368120e+003  2.9306915e-001  2.7829350e-001 -7.7206200e-001
  1.1381702e+003  2.9311520e-001  2.8481276e-001 -6.9468400e-001
  1.1395293e+003  2.9267441e-001  2.8977314e-001 -7.6279200e-001
  1.1408876e+003  2.9372046e-001  2.5286574e-001 -7.6623600e-001
  1.1422458e+003  2.9383888e-001  2.8743773e-001 -7.6720000e-001
  1.1436159e+003  2.9315467e-001  2.8987230e-001 -7.6811100e-001
  1.1449741e+003  2.9332572e-001  2.5449746e-001 -7.6876400e-001
  1.1463631e+003  2.9428624e-001  2.5122107e-001 -7.6876000e-001
  1.1477215e+003  2.9351651e-001  2.3448501e-001 -7.6917100e-001
  1.1490915e+003  2.9345730e-001  2.7228027e-001 -7.6950400e-001
  1.1504696e+003  2.9423361e-001  2.7853688e-001 -7.6934100e-001
  1.1518378e+003  2.9393756e-001  3.0443207e-001 -7.6990200e-001
  1.1531980e+003  2.9419414e-001  3.3321467e-001 -7.7030500e-001
  1.1545651e+003  2.9474018e-001  3.1097699e-001 -7.7058400e-001
  1.1559263e+003  2.9386519e-001  2.8026038e-001 -7.7073000e-001
  1.1572845e+003  2.9382572e-001  2.8069432e-001 -7.7076700e-001
  1.1586527e+003  2.9445729e-001  2.8629291e-001 -7.7099800e-001
  1.1600427e+003  2.9429282e-001  2.9300388e-001 -7.7129400e-001
  1.1613999e+003  2.9449018e-001  3.0281929e-001 -7.7114200e-001
  1.1627581e+003  2.9426650e-001  2.8166795e-001 -7.7145700e-001
  1.1641163e+003  2.9459545e-001  3.0876037e-001 -7.7155000e-001
  1.1654863e+003  2.9427308e-001  3.3894480e-001 -7.7206400e-001
  1.1668446e+003  2.9429940e-001  3.2031938e-001 -7.7229400e-001
  1.1682218e+003  2.9433887e-001  2.7547123e-001 -7.7264000e-001
  1.1695899e+003  2.9443098e-001  2.7885879e-001 -7.7292700e-001
  1.1709482e+003  2.9558886e-001  2.6920803e-001 -7.7310300e-001
  1.1723083e+003  2.9474676e-001  3.0989236e-001 -7.7299200e-001
  1.1736665e+003  2.9446387e-001  3.0378618e-001 -7.7315600e-001
  1.1750366e+003  2.9549017e-001  2.7008287e-001 -7.7329400e-001
  1.1764038e+003  2.9508886e-001  2.9492500e-001 -7.7343000e-001
  1.1777819e+003  2.9563491e-001  2.7695191e-001 -7.7348800e-001
  1.1791501e+003  2.9525334e-001  2.4477455e-001 -7.7315900e-001
  1.1805283e+003  2.9546386e-001  3.0112928e-001 -7.7343300e-001
  1.1818964e+003  2.9505597e-001  2.8217458e-001 -7.7359400e-001
  1.1832537e+003  2.9485202e-001  2.9453674e-001 -7.7379900e-001
  1.1846118e+003  2.9497044e-001  2.9677315e-001 -7.7379000e-001
  1.1859710e+003  2.9514149e-001  2.5813594e-001 -7.7394700e-001
  1.1873391e+003  2.9579280e-001  3.1365557e-001 -7.7353900e-001
  1.1886964e+003  2.9537175e-001  3.0220069e-001 -7.7365200e-001
  1.1900567e+003  2.9598359e-001  2.6384701e-001 -7.7367800e-001
  1.1914148e+003  2.9549017e-001  2.3452464e-001 -7.7390600e-001
  1.1927731e+003  2.9558886e-001  2.3192605e-001 -7.7383600e-001
