  1.2825808e+000  3.0954924e-001  3.0860188e-001  1.7491264e-001  1.2588000e-008
  2.9748829e+000  3.0983214e-001  3.0962819e-001  4.9942795e+000  6.7271500e-007
  4.1267255e+000  3.0904267e-001  3.0997029e-001  4.9954111e+000 -9.0187000e-007
  5.2457982e+000  3.0954924e-001  3.0767426e-001  5.0033715e+000 -9.9873000e-007
  6.3785462e+000  3.0941109e-001  3.0895057e-001  5.0019439e+000  8.6063700e-007
  7.5213644e+000  3.0949661e-001  3.0864794e-001  4.9947137e+000 -4.8494000e-008
  8.6223253e+000  3.1040450e-001  3.0858215e-001  4.9943782e+000 -2.0995200e-007
  9.7560512e+000  3.0981898e-001  3.0892425e-001  4.9948650e+000  6.0528000e-007
  1.0868040e+001  3.1002950e-001  3.0908214e-001  5.0037136e+000 -2.0500000e-009
  1.1965966e+001  3.0949003e-001  3.0856241e-001  5.0036610e+000 -5.1437000e-007
  1.3165729e+001  3.1000319e-001  3.0797689e-001  5.0040623e+000 -3.6246000e-007
  1.4279616e+001  3.1020055e-001  3.0862162e-001  5.0035360e+000 -3.7325600e-007
  1.5373264e+001  3.0885846e-001  3.0896372e-001  4.9953650e+000  6.8354000e-007
  1.6480232e+001  3.0960845e-001  3.0949661e-001  5.0032663e+000 -7.1179600e-007
  1.7621346e+001  3.0919398e-001  3.0991108e-001  4.9938256e+000 -8.5942000e-007
  1.8757220e+001  3.1005582e-001  3.0937161e-001  5.0019965e+000 -8.8049000e-008
  1.9921795e+001  3.1007555e-001  3.0666769e-001  4.9955953e+000 -9.1672700e-007
  2.1040042e+001  3.0913477e-001  3.0905583e-001  4.9937927e+000 -8.8250000e-007
  2.2141975e+001  3.0911504e-001  3.0997029e-001  5.0020031e+000 -6.9863000e-007
  2.3301921e+001  3.0989135e-001  3.0874662e-001  5.0034965e+000 -5.9581000e-007
  2.4394867e+001  3.0996371e-001  3.0800979e-001  5.0033781e+000 -2.6824000e-008
  2.5501900e+001  3.0936503e-001  3.0872030e-001  4.9948979e+000 -9.3678100e-007
  2.6598882e+001  3.0944398e-001  3.0813478e-001  4.9952071e+000 -8.8670000e-007
  2.7732643e+001  3.0984529e-001  3.0981898e-001  5.0015886e+000  2.9418700e-007
  2.8837877e+001  3.0853610e-001  3.1079265e-001  4.9954571e+000 -8.5479000e-007
  2.9965097e+001  3.0943082e-001  3.0840452e-001  5.0013321e+000  5.7023200e-007
  3.1085089e+001  3.0939793e-001  3.0837820e-001  4.9942466e+000  6.0946700e-007
  3.2246171e+001  3.0967424e-001  3.0853610e-001  4.9957071e+000  7.6100800e-007
  3.3354099e+001  3.0996371e-001  3.0720716e-001  4.9954769e+000 -5.3629300e-007
  3.4494078e+001  3.0956898e-001  3.0958872e-001  4.9951611e+000 -7.2184100e-007
  3.5612082e+001  3.1010845e-001  3.0721374e-001  4.9953913e+000 -4.3203600e-007
  3.6735852e+001  3.0935846e-001  3.0804926e-001  4.9948519e+000 -4.7369000e-007
  3.7841110e+001  3.0988477e-001  3.0698348e-001  5.0018123e+000  6.4836100e-007
  3.8963057e+001  3.0945056e-001  3.0795715e-001  4.9939374e+000  5.8895000e-007
  4.0061039e+001  3.0927951e-001  3.1066107e-001  5.0020031e+000  9.1314600e-007
  4.1252005e+001  3.1007555e-001  3.0704927e-001  4.9956611e+000 -7.5757000e-007
  4.2353970e+001  3.0988477e-001  3.0716111e-001  5.0019044e+000 -2.4041000e-007
  4.3485910e+001  3.0939793e-001  3.0717427e-001  5.0019439e+000 -5.6323500e-007
  4.4601970e+001  3.0945714e-001  3.0726637e-001  4.9951282e+000  9.0391900e-007
  4.5721774e+001  3.0890451e-001  3.0817426e-001  4.9935492e+000  8.6366700e-007
  4.6828996e+001  3.1009529e-001  3.0730585e-001  4.9952400e+000 -8.7874000e-007
  4.7940983e+001  3.1045055e-001  3.0527955e-001  5.0032991e+000  7.5085000e-007
  4.9078036e+001  3.0939793e-001  3.0696374e-001  4.9942927e+000  7.3848200e-007
  5.0248026e+001  3.0922688e-001  3.0787163e-001  4.9946874e+000 -8.7474000e-007
  5.1346023e+001  3.0968740e-001  3.0776637e-001  5.0028518e+000 -1.0988500e-006
  5.2485962e+001  3.0944398e-001  3.0726637e-001  5.0034570e+000 -1.0985900e-006
  5.3600013e+001  3.0900978e-001  3.0691111e-001  5.0028715e+000  8.0491500e-007
  5.4733807e+001  3.0933872e-001  3.0762163e-001  4.9943782e+000  6.5255500e-007
  5.5853049e+001  3.0965451e-001  3.0752953e-001  4.9938913e+000  3.1052600e-007
  5.6977038e+001  3.0900320e-001  3.0829268e-001  4.9952466e+000  5.4099000e-007
  5.8105018e+001  3.0979924e-001  3.0889793e-001  5.0016742e+000 -9.0972000e-007
  5.9244967e+001  3.0983214e-001  3.0621375e-001  5.0019899e+000 -7.8138500e-007
  6.0364945e+001  3.0873346e-001  3.0841110e-001  4.9948848e+000 -6.9903000e-007
  6.1521913e+001  3.0987161e-001  3.0577954e-001  5.0022663e+000 -5.9503600e-007
  6.2635918e+001  3.0974661e-001  3.0587823e-001  4.9954571e+000  8.8986500e-007
  6.3802908e+001  3.0914135e-001  3.0732558e-001  4.9949176e+000 -8.8428000e-007
  6.4901816e+001  3.0920714e-001  3.0749005e-001  5.0017465e+000 -9.9514000e-007
  6.6074739e+001  3.0961503e-001  3.0758216e-001  5.0020294e+000  5.8013700e-007
  6.7188789e+001  3.0989792e-001  3.0615454e-001  4.9940427e+000  7.1677500e-007
  6.8329825e+001  3.0924661e-001  3.0725979e-001  4.9957861e+000  7.4017100e-007
  6.9439746e+001  3.1057555e-001  3.0530587e-001  4.9951676e+000 -8.7068000e-007
  7.0594785e+001  3.0941767e-001  3.0772689e-001  5.0026742e+000 -5.6800000e-009
  7.1718744e+001  3.0980582e-001  3.0727953e-001  4.9948848e+000 -8.9208000e-007
  7.2838752e+001  3.0974003e-001  3.0457561e-001  5.0035097e+000 -9.1870000e-007
  7.3969666e+001  3.0914793e-001  3.0845057e-001  5.0017400e+000  7.9163700e-007
  7.5117660e+001  3.1012818e-001  3.0589139e-001  4.9936611e+000 -7.7435200e-007
  7.6236715e+001  3.0891109e-001  3.0685848e-001  4.9951479e+000 -8.8638000e-007
  7.7369730e+001  3.0920056e-001  3.0739137e-001  5.0023255e+000  5.4822100e-007
  7.8483817e+001  3.0950319e-001  3.0712164e-001  4.9947795e+000  6.5030000e-007
  7.9624839e+001  3.0983214e-001  3.0584533e-001  4.9938716e+000  7.0531400e-007
  8.0743897e+001  3.0940451e-001  3.0703611e-001  4.9949769e+000  7.2055400e-007
  8.1884949e+001  3.0880583e-001  3.0665454e-001  4.9942663e+000  7.9829900e-007
  8.3023919e+001  3.0876636e-001  3.0699006e-001  4.9943913e+000  8.0102400e-007
  8.4181895e+001  3.0937819e-001  3.0754926e-001  4.9950163e+000  6.1156500e-007
  8.5280016e+001  3.1056897e-001  3.0282563e-001  4.9955953e+000  2.2154300e-007
  8.6496928e+001  3.0935846e-001  3.0628612e-001  4.9942927e+000 -3.1856600e-007
  8.7625990e+001  3.0904925e-001  3.0623349e-001  4.9952861e+000  5.9274200e-007
  8.8764959e+001  3.0948345e-001  3.0730585e-001  4.9953519e+000  8.2908500e-007
  8.9881974e+001  3.0936503e-001  3.0498350e-001  4.9947992e+000  5.7636900e-007
  9.1049953e+001  3.0920056e-001  3.0617428e-001  4.9952400e+000  1.9911500e-007
  9.2177953e+001  3.0954266e-001  3.0701637e-001  4.9950163e+000 -7.9154100e-007
  9.3345948e+001  3.0906241e-001  3.0677296e-001  4.9957597e+000  8.9508500e-007
  9.4472990e+001  3.0965451e-001  3.0490455e-001  4.9960887e+000 -5.1115400e-007
  9.5617996e+001  3.0991766e-001  3.0575981e-001  4.9955032e+000 -6.5416000e-007
  9.6740961e+001  3.0960187e-001  3.0622691e-001  5.0021742e+000 -3.1455000e-007
  9.7892821e+001  3.0923346e-001  3.0604928e-001  5.0026676e+000  4.6659700e-007
  9.9015834e+001  3.0961503e-001  3.0567428e-001  4.9940229e+000 -6.3336900e-007
  1.0015384e+002  3.0941767e-001  3.0719400e-001  4.9952597e+000  7.9872000e-008
  1.0128788e+002  3.0882557e-001  3.0556244e-001  4.9946479e+000  7.5930000e-007
  1.0241980e+002  3.0999003e-001  3.0694401e-001  5.0018649e+000 -5.0684000e-007
  1.0355778e+002  3.0852952e-001  3.0747690e-001  5.0031478e+000 -8.4146000e-007
  1.0473079e+002  3.0949661e-001  3.0514139e-001  5.0025623e+000  8.2349700e-007
  1.0585470e+002  3.0979924e-001  3.0627296e-001  4.9945953e+000 -1.4466800e-007
  1.0700763e+002  3.0921372e-001  3.0631243e-001  4.9955953e+000  6.9953000e-007
  1.0813464e+002  3.0912162e-001  3.0628612e-001  5.0033320e+000 -5.0140800e-007
  1.0930755e+002  3.0918741e-001  3.0505587e-001  4.9940624e+000  9.3030800e-007
  1.1043559e+002  3.0968082e-001  3.0504929e-001  4.9954571e+000 -8.6459000e-007
  1.1155451e+002  3.0981898e-001  3.0401640e-001  5.0027399e+000 -1.0487900e-006
  1.1268750e+002  3.0922688e-001  3.0406246e-001  5.0027268e+000  6.0506200e-007
  1.1384150e+002  3.0885188e-001  3.0662164e-001  4.9936545e+000  6.0001900e-007
  1.1497952e+002  3.0996371e-001  3.0366115e-001  4.9941150e+000  2.6469600e-007
  1.1613958e+002  3.0914135e-001  3.0508876e-001  4.9942203e+000 -6.1726000e-008
  1.1726348e+002  3.0964793e-001  3.0615454e-001  4.9938256e+000  6.9277000e-007
  1.1840846e+002  3.1070713e-001  3.0689138e-001  5.0028715e+000 -5.1391200e-007
  1.1954250e+002  3.0915451e-001  3.0480587e-001  4.9938913e+000  9.7466900e-007
  1.2071128e+002  3.0993740e-001  3.0504929e-001  4.9958321e+000 -8.6189000e-007
  1.2184838e+002  3.0969398e-001  3.0420719e-001  5.0014702e+000 -7.3100300e-007
  1.2300240e+002  3.0933872e-001  3.0549665e-001  4.9945755e+000  8.7148200e-007
  1.2412938e+002  3.0929267e-001  3.0573349e-001  4.9952137e+000 -1.0093900e-006
  1.2526928e+002  3.0857557e-001  3.0533876e-001  5.0033913e+000 -1.0547400e-006
  1.2642023e+002  3.0943082e-001  3.0534534e-001  5.0030491e+000  9.4974200e-007
  1.2755127e+002  3.0930582e-001  3.0442430e-001  4.9945690e+000 -5.8782000e-007
  1.2867631e+002  3.0858873e-001  3.0725321e-001  5.0014571e+000  5.7998700e-007
  1.2982031e+002  3.0831241e-001  3.0562165e-001  4.9934177e+000  8.6909900e-007
  1.3094826e+002  3.0916767e-001  3.0547692e-001  4.9953782e+000 -7.9251200e-007
  1.3210426e+002  3.0941109e-001  3.0427298e-001  4.9935624e+000 -3.5734800e-007
  1.3321927e+002  3.0986503e-001  3.0399667e-001  4.9955426e+000  5.6855000e-007
  1.3436432e+002  3.0905583e-001  3.0587165e-001  5.0022992e+000 -6.7756200e-007
  1.3551832e+002  3.0914135e-001  3.0658875e-001  4.9938190e+000  8.6383700e-007
  1.3667732e+002  3.0872688e-001  3.0578612e-001  4.9942137e+000  9.9813300e-007
  1.3780533e+002  3.0941767e-001  3.0468745e-001  4.9955361e+000 -9.0266000e-007
  1.3893633e+002  3.0928609e-001  3.0497692e-001  5.0031807e+000  8.6647400e-007
  1.4008033e+002  3.0971372e-001  3.0306247e-001  4.9954900e+000 -1.2764200e-007
  1.4120538e+002  3.0886504e-001  3.0579270e-001  4.9940953e+000 -6.7979000e-007
  1.4237234e+002  3.0987819e-001  3.0427298e-001  5.0038912e+000  8.7734700e-007
  1.4351333e+002  3.0923346e-001  3.0479271e-001  4.9952729e+000  7.8043000e-007
  1.4466528e+002  3.0864136e-001  3.0518745e-001  5.0034307e+000 -3.9196000e-007
  1.4580322e+002  3.0938477e-001  3.0363483e-001  5.0038189e+000 -6.7615000e-007
  1.4695411e+002  3.0866767e-001  3.0685848e-001  5.0026939e+000  5.6605600e-007
  1.4815004e+002  3.0881241e-001  3.0494403e-001  4.9946348e+000  7.2482900e-007
  1.4928609e+002  3.0958872e-001  3.0287826e-001  4.9937269e+000  4.8061400e-007
  1.5047406e+002  3.0899004e-001  3.0578612e-001  4.9936874e+000 -1.4969200e-007
  1.5174884e+002  3.0898346e-001  3.0514139e-001  4.9954966e+000  5.3017000e-007
  1.5290385e+002  3.0924004e-001  3.0499008e-001  5.0024702e+000  6.4573300e-007
  1.5402486e+002  3.0915451e-001  3.0488482e-001  4.9937071e+000  8.7910000e-007
  1.5517386e+002  3.0901635e-001  3.0365457e-001  5.0025360e+000 -7.8664200e-007
  1.5632296e+002  3.0903609e-001  3.0423351e-001  4.9956019e+000  8.7406000e-007
  1.5748796e+002  3.0954924e-001  3.0447693e-001  5.0030820e+000 -7.2545000e-008
  1.5863209e+002  3.0977293e-001  3.0296378e-001  4.9942137e+000 -9.0666000e-007
  1.5978507e+002  3.0848346e-001  3.0489797e-001  5.0031478e+000  5.6873900e-007
  1.6094915e+002  3.0929267e-001  3.0391114e-001  4.9951019e+000 -7.3662500e-007
  1.6211619e+002  3.0945056e-001  3.0481245e-001  4.9956742e+000  3.1266600e-007
  1.6327126e+002  3.0914793e-001  3.0497034e-001  4.9940492e+000 -4.8914000e-007
  1.6444769e+002  3.0891767e-001  3.0418746e-001  5.0035689e+000 -8.1448000e-007
  1.6558679e+002  3.0924661e-001  3.0231247e-001  4.9957597e+000 -9.6248000e-007
  1.6671705e+002  3.0997687e-001  3.0395719e-001  5.0033123e+000 -6.7373000e-008
  1.6786604e+002  3.0806900e-001  3.0564139e-001  4.9932729e+000 -9.0672000e-007
  1.6901803e+002  3.0932556e-001  3.0404930e-001  5.0023978e+000  6.6294900e-007
  1.7016312e+002  3.0878609e-001  3.0330589e-001  4.9952532e+000 -6.0011700e-007
  1.7133121e+002  3.0934530e-001  3.0354930e-001  4.9936808e+000  2.5517000e-008
  1.7246528e+002  3.0974003e-001  3.0125327e-001  4.9939177e+000 -6.6231000e-007
  1.7362032e+002  3.0841110e-001  3.0509534e-001  5.0033584e+000 -5.8217800e-007
  1.7478348e+002  3.0868083e-001  3.0372035e-001  4.9942466e+000 -7.8824000e-007
  1.7592237e+002  3.0910846e-001  3.0390456e-001  5.0020952e+000 -8.1875000e-007
  1.7707544e+002  3.0980582e-001  3.0270063e-001  5.0037860e+000  6.7752500e-007
  1.7823953e+002  3.0862162e-001  3.0464798e-001  4.9953453e+000 -6.9500300e-007
  1.7938770e+002  3.0881899e-001  3.0255589e-001  4.9943321e+000  1.7690300e-007
  1.8053066e+002  3.0855583e-001  3.0532560e-001  4.9945821e+000  6.1187000e-007
  1.8167574e+002  3.0895057e-001  3.0403614e-001  5.0022728e+000 -7.0070000e-007
  1.8283675e+002  3.0899662e-001  3.0380588e-001  4.9956611e+000 -1.0381400e-006
  1.8399886e+002  3.0858873e-001  3.0483219e-001  5.0027663e+000 -7.4871000e-007
  1.8515685e+002  3.0793742e-001  3.0470719e-001  5.0030623e+000 -9.7172000e-007
  1.8631483e+002  3.0920056e-001  3.0378614e-001  5.0026544e+000 -1.1248000e-006
  1.8745593e+002  3.0877951e-001  3.0241774e-001  5.0032991e+000 -9.5652000e-007
  1.8862399e+002  3.0877294e-001  3.0289142e-001  5.0033518e+000  7.8313100e-007
  1.8978493e+002  3.0817426e-001  3.0445719e-001  4.9934769e+000  8.3987000e-007
  1.9091703e+002  3.0904267e-001  3.0178616e-001  5.0038057e+000 -4.0483000e-007
  1.9208797e+002  3.0991766e-001  3.0175985e-001  5.0040557e+000  4.0561600e-007
  1.9326310e+002  3.0832557e-001  3.0492429e-001  4.9957532e+000  8.2544000e-007
  1.9441111e+002  3.0909530e-001  3.0324668e-001  5.0024439e+000 -1.1263200e-006
  1.9558312e+002  3.0879925e-001  3.0400325e-001  5.0025228e+000  9.7450300e-007
  1.9675318e+002  3.0883872e-001  3.0447693e-001  4.9955755e+000 -6.3308000e-007
  1.9787928e+002  3.0929267e-001  3.0373351e-001  5.0033057e+000  6.4937700e-007
  1.9904930e+002  3.1068739e-001  2.9952303e-001  4.9941348e+000 -1.0313700e-006
  2.0018733e+002  3.0879925e-001  3.0285194e-001  5.0034439e+000 -5.1727200e-007
  2.0136943e+002  3.0879267e-001  3.0314141e-001  4.9952466e+000 -7.9233000e-007
  2.0252345e+002  3.0796373e-001  3.0492429e-001  5.0031676e+000  4.2153300e-007
  2.0371650e+002  3.0901635e-001  3.0310852e-001  4.9958650e+000  7.9121200e-007
  2.0489359e+002  3.0937161e-001  3.0187169e-001  4.9955558e+000  4.9713900e-007
  2.0608163e+002  3.0836504e-001  3.0349667e-001  4.9936413e+000 -4.2863000e-008
  2.0722673e+002  3.0917425e-001  3.0227958e-001  4.9945361e+000 -7.5145000e-007
  2.0840472e+002  3.0854267e-001  3.0309536e-001  5.0017794e+000 -9.4260000e-007
  2.0956177e+002  3.0889136e-001  3.0373351e-001  5.0027005e+000 -6.3441000e-007
  2.1073482e+002  3.0921372e-001  3.0316773e-001  4.9935361e+000  7.5913000e-007
  2.1189988e+002  3.0852294e-001  3.0270063e-001  5.0023321e+000 -2.4310800e-007
  2.1306287e+002  3.0782558e-001  3.0572033e-001  4.9940690e+000 -9.0990000e-007
  2.1419699e+002  3.0842425e-001  3.0272037e-001  5.0018518e+000  6.6537700e-007
  2.1535006e+002  3.0800321e-001  3.0336510e-001  4.9946676e+000  5.7539700e-007
  2.1654808e+002  3.0862162e-001  3.0308220e-001  4.9938124e+000  9.3754000e-008
  2.1772218e+002  3.0892425e-001  3.0278615e-001  4.9938519e+000 -7.1851000e-007
  2.1888918e+002  3.0793084e-001  3.0395062e-001  5.0032465e+000  6.9634000e-007
  2.2007020e+002  3.0795715e-001  3.0347036e-001  4.9934571e+000  8.7381000e-007
  2.2123518e+002  3.0816110e-001  3.0318089e-001  5.0017005e+000 -4.3257000e-008
  2.2240922e+002  3.0822689e-001  3.0365457e-001  4.9954637e+000  7.7384000e-007
  2.2355726e+002  3.0903609e-001  3.0114143e-001  5.0024373e+000 -1.0211900e-006
  2.2473030e+002  3.0848346e-001  3.0329273e-001  5.0031807e+000  8.6154500e-007
  2.2590432e+002  3.0900978e-001  3.0324668e-001  4.9944834e+000  2.3988400e-007
  2.2708735e+002  3.0872030e-001  3.0302299e-001  4.9948848e+000  6.0217000e-007
  2.2823437e+002  3.0822031e-001  3.0274668e-001  5.0023715e+000 -7.1761100e-007
  2.2942739e+002  3.0852294e-001  3.0193748e-001  4.9956742e+000  8.3317000e-007
  2.3060443e+002  3.0799005e-001  3.0387825e-001  4.9945032e+000  7.8941000e-007
  2.3177346e+002  3.0853610e-001  3.0048355e-001  5.0032991e+000 -9.1329000e-007
  2.3291155e+002  3.0860846e-001  3.0389798e-001  5.0036347e+000 -1.0907700e-006
  2.3410250e+002  3.0839136e-001  3.0329273e-001  5.0020294e+000  8.9845500e-007
  2.3526656e+002  3.0865452e-001  3.0215458e-001  4.9957597e+000 -6.6825000e-008
  2.3646159e+002  3.0825978e-001  3.0365457e-001  4.9941150e+000  5.9800000e-007
  2.3760640e+002  3.0834531e-001  3.0185853e-001  5.0018649e+000 -7.2658200e-007
  2.3881766e+002  3.0794400e-001  3.0271379e-001  4.9934769e+000  8.8616000e-007
  2.3996272e+002  3.0867425e-001  3.0097696e-001  5.0031873e+000 -1.4230600e-007
  2.4117669e+002  3.0883215e-001  3.0048355e-001  4.9960163e+000  7.9502000e-007
  2.4234577e+002  3.0832557e-001  3.0237168e-001  5.0031413e+000 -9.5165000e-007
  2.4352376e+002  3.0849662e-001  3.0154275e-001  5.0035886e+000 -1.1205200e-006
  2.4469478e+002  3.0777952e-001  3.0274010e-001  5.0022005e+000  9.6867400e-007
  2.4591578e+002  3.0797689e-001  2.9993092e-001  4.9937137e+000  5.2446000e-007
  2.4706783e+002  3.0850320e-001  3.0255589e-001  5.0033452e+000  9.5580000e-008
  2.4823889e+002  3.0806900e-001  3.0142433e-001  5.0030163e+000 -1.3430200e-007
  2.4941296e+002  3.0769400e-001  3.0395719e-001  4.9934769e+000  8.2378000e-007
  2.5063592e+002  3.0750979e-001  3.0447035e-001  5.0020821e+000  7.9115100e-007
  2.5180900e+002  3.0924004e-001  2.9997039e-001  4.9959440e+000  1.7829300e-007
  2.5300400e+002  3.0650322e-001  3.0367430e-001  4.9945558e+000 -6.7446000e-007
  2.5416500e+002  3.0801636e-001  3.0284536e-001  5.0028715e+000 -1.3101000e-007
  2.5536398e+002  3.0862162e-001  3.0115459e-001  5.0035162e+000 -6.1955000e-007
  2.5655501e+002  3.0841110e-001  3.0075328e-001  5.0032202e+000  4.9807500e-007
  2.5774124e+002  3.0850978e-001  3.0195721e-001  4.9936874e+000 -7.5542200e-007
  2.5891810e+002  3.0827952e-001  3.0127959e-001  4.9939308e+000 -4.3074100e-007
  2.6011112e+002  3.0850978e-001  3.0191774e-001  4.9939703e+000  4.6247000e-007
  2.6128817e+002  3.0785189e-001  3.0123354e-001  5.0029702e+000  6.4956100e-007
  2.6247718e+002  3.0803610e-001  3.0145722e-001  4.9955163e+000 -1.0225800e-006
  2.6363922e+002  3.0737821e-001  3.0327957e-001  5.0018649e+000 -6.5280000e-007
  2.6481724e+002  3.0736505e-001  3.0239142e-001  5.0019439e+000 -8.8536000e-007
  2.6599539e+002  3.0834531e-001  3.0018750e-001  5.0029373e+000 -1.0552300e-006
  2.6718836e+002  3.0823347e-001  3.0129275e-001  5.0039834e+000  9.2971900e-007
  2.6837428e+002  3.0860188e-001  3.0080591e-001  4.9948584e+000 -7.3084000e-007
  2.6955030e+002  3.0886504e-001  3.0075328e-001  4.9938979e+000 -3.8142000e-007
  2.7071524e+002  3.0791768e-001  3.0185853e-001  4.9951019e+000 -5.9453000e-007
  2.7190043e+002  3.0827952e-001  3.0135196e-001  5.0029176e+000  6.5500700e-007
  2.7307152e+002  3.0850978e-001  3.0128617e-001  4.9951808e+000 -9.9942000e-007
  2.7427353e+002  3.0754926e-001  3.0199011e-001  5.0034965e+000 -5.7127000e-007
  2.7546551e+002  3.0799005e-001  3.0203616e-001  5.0034110e+000  4.0927100e-007
  2.7667856e+002  3.0795715e-001  3.0174011e-001  4.9953716e+000  7.6095300e-007
  2.7784662e+002  3.0758216e-001  3.0159538e-001  4.9937269e+000 -4.6188200e-007
  2.7903166e+002  3.0793742e-001  2.9978618e-001  4.9958847e+000 -5.6214000e-007
  2.8024770e+002  3.0761505e-001  3.0093749e-001  5.0026215e+000 -6.8925500e-007
  2.8146971e+002  3.0749005e-001  3.0329931e-001  4.9935361e+000 -7.4745000e-007
  2.8264371e+002  3.0942424e-001  3.0145722e-001  5.0038649e+000  5.1548200e-007
  2.8382775e+002  3.0688480e-001  3.0198353e-001  4.9938979e+000 -6.7475100e-007
  2.8499089e+002  3.0795058e-001  3.0072696e-001  4.9953847e+000 -4.4517000e-007
  2.8622885e+002  3.0914135e-001  2.9891119e-001  5.0025755e+000 -7.7315600e-007
  2.8741088e+002  3.0799663e-001  3.0072039e-001  4.9954176e+000 -9.0614600e-007
  2.8859990e+002  3.0931240e-001  3.0003618e-001  4.9948913e+000  9.6469400e-007
  2.8976794e+002  3.0868083e-001  3.0156248e-001  4.9943387e+000 -7.7078400e-007
  2.9098492e+002  3.0698348e-001  3.0006908e-001  4.9946019e+000 -3.9989300e-007
  2.9221889e+002  3.0771374e-001  2.9927303e-001  4.9942137e+000  5.3922000e-007
  2.9341585e+002  3.0781900e-001  3.0092433e-001  5.0024044e+000  5.6991200e-007
  2.9458888e+002  3.0703611e-001  3.0216774e-001  4.9956019e+000 -8.9416000e-007
  2.9578593e+002  3.0773347e-001  3.0138485e-001  4.9953058e+000 -8.6809000e-007
  2.9697892e+002  3.0652296e-001  3.0252958e-001  5.0031741e+000  5.2062900e-007
  2.9817394e+002  3.0782558e-001  3.0066775e-001  4.9937729e+000  7.6011300e-007
  2.9934102e+002  3.0838478e-001  3.0020065e-001  4.9957861e+000 -5.6534800e-007
  3.0057797e+002  3.0814136e-001  3.0031249e-001  4.9940427e+000 -5.4040000e-008
  3.0179295e+002  3.0777295e-001  3.0108222e-001  4.9953782e+000  5.8819000e-007
  3.0297994e+002  3.0748347e-001  3.0088486e-001  5.0033320e+000 -5.6516900e-007
  3.0418196e+002  3.0822031e-001  3.0122696e-001  4.9947992e+000 -7.0183000e-007
  3.0538098e+002  3.0752295e-001  3.0074670e-001  5.0032860e+000 -8.1212000e-007
  3.0655296e+002  3.0707558e-001  3.0315457e-001  5.0026544e+000  6.9861900e-007
  3.0774598e+002  3.0773347e-001  3.0158880e-001  4.9940229e+000  4.0438200e-007
  3.0891305e+002  3.0816768e-001  2.9972697e-001  4.9946742e+000  7.8542000e-008
  3.1010914e+002  3.0796373e-001  3.0133222e-001  4.9937532e+000  7.0749000e-007
  3.1130129e+002  3.0767426e-001  2.9940461e-001  5.0028320e+000 -2.4090000e-007
  3.1249915e+002  3.0725321e-001  3.0274010e-001  5.0022334e+000 -6.3248000e-007
  3.1367722e+002  3.0734532e-001  3.0150327e-001  5.0018781e+000 -8.6954000e-007
  3.1486818e+002  3.0783216e-001  2.9949013e-001  5.0038452e+000  7.0280800e-007
  3.1605227e+002  3.0741769e-001  2.9957566e-001  4.9944045e+000 -5.4649400e-007
  3.1727031e+002  3.0802294e-001  3.0068091e-001  4.9939703e+000 -1.8609000e-008
  3.1843536e+002  3.0801636e-001  2.9860199e-001  4.9955624e+000 -7.3007000e-007
  3.1969733e+002  3.0785847e-001  3.0024013e-001  5.0041544e+000 -1.2476000e-007
  3.2089528e+002  3.0777952e-001  2.9993092e-001  5.0038781e+000 -5.2640000e-007
  3.2210624e+002  3.0745058e-001  3.0031907e-001  5.0024702e+000  5.3191300e-007
  3.2328031e+002  3.0795058e-001  3.0038486e-001  4.9945163e+000  6.3157200e-007
  3.2447937e+002  3.0668085e-001  3.0111512e-001  4.9937861e+000  9.1900000e-008
  3.2570333e+002  3.0749663e-001  3.0183879e-001  4.9938584e+000  6.2520000e-007
  3.2691531e+002  3.0804926e-001  2.9889146e-001  5.0020952e+000 -2.0304000e-007
  3.2813331e+002  3.0747032e-001  3.0028618e-001  5.0035557e+000 -6.8592000e-007
  3.2934427e+002  3.0730585e-001  3.0026644e-001  5.0021149e+000  5.9467700e-007
  3.3052937e+002  3.0738479e-001  3.0074012e-001  4.9940624e+000 -6.8776100e-007
  3.3172639e+002  3.0751637e-001  3.0036513e-001  4.9955755e+000 -1.7497500e-007
  3.3291143e+002  3.0727295e-001  2.9956908e-001  4.9953847e+000 -6.4653000e-007
  3.3412740e+002  3.0710848e-001  3.0172695e-001  5.0021742e+000 -6.7810700e-007
  3.3532147e+002  3.0756242e-001  3.0112170e-001  4.9937137e+000  8.2199200e-007
  3.3657943e+002  3.0777295e-001  3.0041776e-001  4.9957071e+000  9.5534700e-007
  3.3776648e+002  3.0782558e-001  2.9957566e-001  4.9953519e+000 -8.6934000e-007
  3.3897950e+002  3.0746374e-001  3.0074670e-001  5.0037399e+000  7.1808900e-007
  3.4017253e+002  3.0713479e-001  3.0085196e-001  4.9952663e+000  3.5668300e-007
  3.4136659e+002  3.0720058e-001  2.9964803e-001  4.9938848e+000 -4.8609000e-007
  3.4253366e+002  3.0725321e-001  3.0106249e-001  5.0024373e+000  6.4082700e-007
  3.4379761e+002  3.0841768e-001  2.9928619e-001  4.9945690e+000  7.4952500e-007
  3.4502393e+002  3.0750321e-001  2.9989145e-001  4.9953847e+000 -8.1468000e-007
  3.4623602e+002  3.0728611e-001  3.0069407e-001  5.0034176e+000  5.7888500e-007
  3.4748195e+002  3.0714795e-001  3.0062170e-001  4.9939637e+000 -5.8551600e-007
  3.4868500e+002  3.0745716e-001  3.0003618e-001  4.9946348e+000 -4.5398000e-007
  3.4986999e+002  3.0728611e-001  3.0019407e-001  5.0028518e+000  6.0686400e-007
  3.5107401e+002  3.0755584e-001  2.9999013e-001  4.9939769e+000  8.2189300e-007
  3.5231199e+002  3.0741769e-001  3.0084538e-001  4.9937927e+000  9.5275800e-007
  3.5354998e+002  3.0747690e-001  2.9997697e-001  4.9940755e+000  6.2290800e-007
  3.5475803e+002  3.0727295e-001  2.9971382e-001  4.9950426e+000 -6.2953000e-008
  3.5596300e+002  3.0678611e-001  3.0093091e-001  4.9948124e+000 -8.1189000e-007
  3.5712506e+002  3.0763479e-001  3.0000329e-001  5.0040031e+000 -5.3010000e-007
  3.5830312e+002  3.0682559e-001  3.0117433e-001  5.0031478e+000 -9.0597000e-007
  3.5949408e+002  3.0662164e-001  3.0061512e-001  5.0024768e+000  8.8834400e-007
  3.6070519e+002  3.0781242e-001  2.9897698e-001  4.9953321e+000 -5.9897000e-007
  3.6188210e+002  3.0741111e-001  2.9902961e-001  5.0032663e+000 -1.0777900e-006
  3.6311311e+002  3.0768742e-001  2.9906251e-001  5.0026478e+000  9.1853500e-007
  3.6430415e+002  3.0699006e-001  3.0092433e-001  4.9954176e+000 -7.8064000e-007
  3.6549917e+002  3.0735190e-001  2.9968750e-001  5.0037334e+000 -2.2119400e-007
  3.6670331e+002  3.0620717e-001  3.0249668e-001  4.9951084e+000 -8.5176000e-007
  3.6790623e+002  3.0557560e-001  3.0177301e-001  5.0026544e+000 -2.3245000e-007
  3.6911718e+002  3.0760847e-001  2.9959540e-001  5.0026018e+000  3.0623500e-007
  3.7037214e+002  3.0771374e-001  2.9771384e-001  4.9959768e+000  7.9839200e-007
  3.7158017e+002  3.0700322e-001  3.0077960e-001  4.9951808e+000 -5.5825900e-007
  3.7278824e+002  3.0767426e-001  2.9858883e-001  4.9949374e+000 -5.6392000e-008
  3.7397328e+002  3.0740453e-001  2.9791120e-001  4.9955295e+000  6.8856000e-007
  3.7518329e+002  3.0704927e-001  2.9976645e-001  5.0040820e+000 -3.6631000e-007
  3.7639526e+002  3.0736505e-001  2.9926645e-001  5.0027070e+000  3.0296100e-007
  3.7768024e+002  3.0732558e-001  2.9909540e-001  4.9937992e+000 -8.3084000e-007
  3.7887822e+002  3.0727953e-001  2.9876646e-001  5.0027728e+000 -1.0824900e-006
  3.8008930e+002  3.0779268e-001  2.9859541e-001  5.0035557e+000  9.2769100e-007
  3.8129933e+002  3.0603612e-001  3.0131248e-001  4.9935032e+000 -6.9822000e-007
  3.8250132e+002  3.0656901e-001  2.9967434e-001  5.0039570e+000 -5.7770000e-008
  3.8373431e+002  3.0803610e-001  2.9897040e-001  5.0024768e+000 -1.0894900e-007
  3.8494832e+002  3.0674664e-001  3.0005592e-001  4.9948650e+000  9.5627400e-007
  3.8614542e+002  3.0659533e-001  2.9965461e-001  4.9955163e+000  7.3285700e-007
  3.8739339e+002  3.0677296e-001  2.9949013e-001  4.9955558e+000 -6.1737500e-007
  3.8859242e+002  3.0591770e-001  2.9962829e-001  4.9955097e+000  4.1030000e-008
  3.8982648e+002  3.0716769e-001  3.0027302e-001  4.9946808e+000  6.4218000e-007
  3.9103743e+002  3.0704927e-001  2.9886514e-001  5.0041807e+000 -1.5001000e-007
  3.9227036e+002  3.0579928e-001  3.0097696e-001  5.0029439e+000  1.0012800e-007
  3.9348339e+002  3.0608875e-001  3.0104275e-001  4.9940295e+000  9.2808500e-007
  3.9472138e+002  3.0668743e-001  2.9877962e-001  4.9955887e+000  7.0178500e-007
  3.9593845e+002  3.0711506e-001  2.9799673e-001  4.9937532e+000  1.4320800e-007
  3.9715349e+002  3.0684532e-001  2.9954277e-001  4.9937861e+000 -7.0993000e-007
  3.9839547e+002  3.0674664e-001  2.9812173e-001  5.0035952e+000 -2.7511000e-007
  3.9961440e+002  3.0604928e-001  3.0085854e-001  5.0028715e+000 -7.3341000e-007
  4.0081114e+002  3.0597033e-001  3.0029276e-001  5.0022202e+000 -1.0752600e-006
  4.0200439e+002  3.0685190e-001  2.9915461e-001  5.0040228e+000  9.3231700e-007
  4.0322339e+002  3.0632559e-001  2.9945724e-001  4.9937598e+000  7.1370000e-007
  4.0443633e+002  3.0660190e-001  3.0037170e-001  5.0037991e+000 -4.1378000e-007
  4.0563333e+002  3.0647691e-001  3.0009539e-001  5.0037597e+000 -9.0128000e-007
  4.0685732e+002  3.0633875e-001  2.9913487e-001  5.0024702e+000 -1.6487000e-007
  4.0807321e+002  3.0658217e-001  2.9991776e-001  5.0033189e+000 -8.9028000e-007
  4.0925740e+002  3.0625980e-001  2.9968092e-001  5.0014571e+000  2.3360000e-008
  4.1049527e+002  3.0627954e-001  2.9970724e-001  4.9999373e+000 -5.7972000e-007
  4.1170719e+002  3.0535192e-001  3.0012829e-001  5.0002071e+000  5.2579900e-007
  4.1290144e+002  3.0559534e-001  3.0089802e-001  4.9939637e+000  5.6253200e-007
  4.1411456e+002  3.0609533e-001  2.9997039e-001  4.9955032e+000 -7.1136000e-007
  4.1533232e+002  3.0628612e-001  3.0030592e-001  5.0017268e+000 -1.0845900e-006
  4.1658842e+002  3.0620717e-001  2.9978618e-001  5.0019110e+000  2.9067500e-007
  4.1780157e+002  3.0696374e-001  2.9919408e-001  4.9949440e+000  7.8236400e-007
  4.1902962e+002  3.0672032e-001  2.9918751e-001  4.9945624e+000 -5.3324000e-007
  4.2023476e+002  3.0684532e-001  2.9833883e-001  4.9953453e+000 -4.6367000e-007
  4.2145187e+002  3.0663480e-001  2.9997697e-001  5.0015163e+000 -7.5425100e-007
  4.2266504e+002  3.0642428e-001  2.9925987e-001  4.9938716e+000  7.8706300e-007
  4.2391106e+002  3.0677953e-001  2.9859541e-001  4.9957795e+000 -9.5998000e-007
  4.2516311e+002  3.0683217e-001  2.9859541e-001  4.9955953e+000  9.2718900e-007
  4.2644020e+002  3.0696374e-001  2.9889804e-001  4.9945558e+000  9.1462300e-007
  4.2767132e+002  3.0647033e-001  2.9894409e-001  4.9936808e+000 -7.1775000e-007
  4.2890931e+002  3.0654269e-001  2.9900988e-001  5.0010031e+000 -9.1147000e-007
  4.3011845e+002  3.0670059e-001  2.9844409e-001  5.0016939e+000  8.0399000e-007
  4.3137560e+002  3.0760189e-001  2.9751647e-001  4.9939900e+000  2.9822800e-007
  4.3258774e+002  3.0562823e-001  2.9990460e-001  4.9943387e+000 -9.4640000e-007
  4.3380769e+002  3.0586507e-001  3.0011513e-001  5.0016281e+000 -9.0204000e-007
  4.3499479e+002  3.0580586e-001  2.9954934e-001  4.9996281e+000  6.0804400e-007
  4.3623886e+002  3.0602954e-001  2.9806252e-001  4.9940427e+000  8.1243400e-007
  4.3746798e+002  3.0735190e-001  2.9698358e-001  4.9953716e+000 -6.7734000e-007
  4.3868002e+002  3.0569402e-001  3.0018750e-001  5.0001544e+000  6.7367600e-007
  4.3990310e+002  3.0706243e-001  2.9697700e-001  4.9939703e+000 -4.2276500e-007
  4.4112743e+002  3.0632559e-001  2.9772699e-001  4.9955426e+000 -5.9725000e-007
  4.4235437e+002  3.0591112e-001  2.9932566e-001  5.0010821e+000  5.6055600e-007
  4.4359337e+002  3.0598349e-001  2.9757568e-001  4.9956084e+000  7.7878300e-007
  4.4480431e+002  3.0641112e-001  2.9839146e-001  4.9948650e+000 -8.6270000e-007
  4.4602359e+002  3.0741111e-001  2.9701648e-001  5.0014242e+000 -1.0389700e-006
  4.4724169e+002  3.0804268e-001  2.9520070e-001  5.0023123e+000 -1.0302700e-006
  4.4848365e+002  3.0666111e-001  2.9814804e-001  5.0015426e+000 -8.8886000e-007
  4.4970140e+002  3.0688480e-001  2.9748358e-001  5.0032136e+000 -5.0803200e-007
  4.5093579e+002  3.0610849e-001  2.9811515e-001  4.9954966e+000  8.7830600e-007
  4.5219283e+002  3.0689138e-001  2.9696384e-001  4.9940624e+000  9.5315200e-007
  4.5347189e+002  3.0600323e-001  2.9902961e-001  4.9938453e+000  6.7273600e-007
  4.5471998e+002  3.0685190e-001  2.9777963e-001  4.9939900e+000 -3.2534800e-007
  4.5601299e+002  3.0575981e-001  2.9953619e-001  4.9935690e+000  5.6109000e-007
  4.5723021e+002  3.0649664e-001  2.9982566e-001  5.0004373e+000  5.3231600e-007
  4.5847222e+002  3.0682559e-001  2.9765463e-001  4.9949045e+000  8.7808800e-007
  4.5968043e+002  3.0674664e-001  2.9690463e-001  4.9953782e+000 -8.6595000e-007
  4.6095251e+002  3.0677953e-001  2.9778620e-001  5.0000360e+000  7.3042900e-007
  4.6220757e+002  3.0663480e-001  2.9945724e-001  4.9950755e+000  2.5321800e-007
  4.6356057e+002  3.0583218e-001  2.9739805e-001  4.9943255e+000 -7.2074000e-007
  4.6482369e+002  3.0672690e-001  2.9650990e-001  5.0010557e+000  5.6010000e-008
  4.6613463e+002  3.0664138e-001  2.9698358e-001  5.0001347e+000 -1.0183600e-007
  4.6738969e+002  3.0643743e-001  2.9743094e-001  4.9957729e+000  9.5199200e-007
  4.6866680e+002  3.0699664e-001  2.9827962e-001  4.9940755e+000  6.9465500e-007
  4.6988590e+002  3.0640454e-001  2.9830594e-001  4.9956611e+000  3.8257800e-007
  4.7112903e+002  3.0633217e-001  2.9818752e-001  4.9950821e+000  5.1792000e-007
  4.7234516e+002  3.0645059e-001  2.9775989e-001  5.0000163e+000  5.6942400e-007
  4.7357825e+002  3.0733874e-001  2.9477308e-001  4.9958255e+000 -8.7829000e-007
  4.7483641e+002  3.0726637e-001  2.9659543e-001  4.9943848e+000 -8.5210000e-007
  4.7611543e+002  3.0612823e-001  2.9850330e-001  5.0001610e+000 -9.3656000e-007
  4.7733353e+002  3.0622033e-001  2.9628622e-001  5.0015426e+000 -1.0827000e-006
  4.7856461e+002  3.0581902e-001  2.9637832e-001  4.9994044e+000  9.3624100e-007
  4.7979480e+002  3.0524666e-001  2.9979934e-001  4.9935361e+000 -6.4297000e-007
  4.8105080e+002  3.0700980e-001  2.9710858e-001  5.0006676e+000 -7.2660500e-007
  4.8228492e+002  3.0674664e-001  2.9762831e-001  4.9940624e+000  8.3355100e-007
  4.8354197e+002  3.0586507e-001  2.9772699e-001  4.9945032e+000  9.6848200e-007
  4.8481208e+002  3.0691111e-001  2.9744410e-001  4.9953058e+000 -8.6796000e-007
  4.8604918e+002  3.0675980e-001  2.9766121e-001  5.0001544e+000 -1.0788800e-006
  4.8727145e+002  3.0616770e-001  2.9884540e-001  4.9996413e+000 -8.9224000e-007
  4.8851934e+002  3.0593086e-001  2.9853620e-001  5.0013452e+000  5.8693000e-007
  4.8974248e+002  3.0644401e-001  2.9775989e-001  4.9946611e+000  9.3286800e-007
  4.9103150e+002  3.0698348e-001  2.9662832e-001  4.9944769e+000 -8.5636000e-007
  4.9226257e+002  3.0512824e-001  3.0010197e-001  4.9998255e+000  8.8960300e-007
  4.9351272e+002  3.0644401e-001  2.9749015e-001  4.9940427e+000 -8.0897000e-007
  4.9473277e+002  3.0747032e-001  2.9587175e-001  5.0009044e+000 -8.9018000e-007
  4.9596989e+002  3.0640454e-001  2.9789805e-001  5.0003518e+000 -9.6043000e-008
  4.9721300e+002  3.0667427e-001  2.9727963e-001  4.9954900e+000 -8.7616000e-007
  4.9847202e+002  3.0637822e-001  2.9737173e-001  5.0002597e+000 -1.0888700e-006
  4.9974307e+002  3.0707558e-001  2.9537833e-001  5.0005426e+000  9.0465800e-007
  5.0098416e+002  3.0629928e-001  2.9627964e-001  4.9948387e+000  7.7384000e-007
  5.0221626e+002  3.0592428e-001  2.9662832e-001  5.0002136e+000 -5.4331000e-007
  5.0344734e+002  3.0647691e-001  2.9658885e-001  4.9939506e+000  5.8025200e-007
  5.0472242e+002  3.0593086e-001  2.9800989e-001  4.9947400e+000  5.4350200e-007
  5.0596649e+002  3.0563481e-001  2.9850330e-001  4.9954571e+000  4.6961000e-007
  5.0721857e+002  3.0623349e-001  2.9741121e-001  5.0002005e+000  4.2910000e-008
  5.0847658e+002  3.0691111e-001  2.9495071e-001  5.0008913e+000 -5.9208000e-007
  5.0968868e+002  3.0584533e-001  2.9744410e-001  4.9991216e+000  5.8659000e-007
  5.1094280e+002  3.0531244e-001  2.9888488e-001  4.9940887e+000  5.6849500e-007
  5.1215592e+002  3.0641770e-001  2.9711516e-001  4.9943321e+000 -5.2798000e-007
  5.1340303e+002  3.0665454e-001  2.9550333e-001  5.0007202e+000  5.7838300e-007
  5.1467508e+002  3.0630586e-001  2.9621385e-001  4.9957532e+000 -9.3668500e-007
  5.1593420e+002  3.0512824e-001  2.9654280e-001  4.9942137e+000 -8.7955000e-007
  5.1716525e+002  3.0549007e-001  2.9806252e-001  4.9993518e+000  8.2758100e-007
  5.1841935e+002  3.0647033e-001  2.9615464e-001  4.9941019e+000  2.0273000e-008
  5.1965353e+002  3.0671375e-001  2.9599017e-001  4.9951348e+000 -7.4430500e-007
  5.2090664e+002  3.0604928e-001  2.9624675e-001  4.9942861e+000  7.8123000e-007
  5.2213273e+002  3.0672690e-001  2.9620727e-001  4.9954571e+000 -8.8234000e-007
  5.2342674e+002  3.0701637e-001  2.9590464e-001  5.0019044e+000  6.8609000e-007
  5.2468911e+002  3.0560191e-001  2.9825330e-001  4.9940492e+000 -5.4387300e-007
  5.2596720e+002  3.0635849e-001  2.9567438e-001  4.9954703e+000 -1.8741000e-008
  5.2724234e+002  3.0642428e-001  2.9538491e-001  4.9938124e+000  6.9861000e-007
  5.2852140e+002  3.0556902e-001  2.9652306e-001  4.9956282e+000  7.3157000e-007
  5.2979242e+002  3.0576639e-001  2.9747700e-001  5.0005755e+000 -7.0960000e-007
  5.3106349e+002  3.0574007e-001  2.9670069e-001  5.0012992e+000  5.9628800e-007
  5.3229851e+002  3.0568744e-001  2.9634543e-001  4.9945558e+000  5.8472800e-007
  5.3353467e+002  3.0558876e-001  2.9655595e-001  4.9954900e+000  1.3793900e-007
  5.3476002e+002  3.0665454e-001  2.9625333e-001  4.9941348e+000  5.7043000e-007
  5.3602580e+002  3.0562823e-001  2.9754279e-001  4.9994768e+000 -6.3321200e-007
  5.3725892e+002  3.0627954e-001  2.9544412e-001  4.9942532e+000  8.8655400e-007
  5.3852701e+002  3.0542429e-001  2.9788489e-001  4.9938519e+000 -8.5835000e-007
  5.3978007e+002  3.0606902e-001  2.9696384e-001  5.0011215e+000  6.8477500e-007
  5.4102318e+002  3.0571376e-001  2.9697700e-001  4.9936479e+000 -5.9661500e-007
  5.4226832e+002  3.0571376e-001  2.9647701e-001  4.9942137e+000 -4.1479000e-007
  5.4360636e+002  3.0624665e-001  2.9649016e-001  4.9950229e+000 -6.8174000e-007
  5.4483348e+002  3.0629928e-001  2.9650990e-001  4.9948716e+000  8.3584000e-007
  5.4607459e+002  3.0666111e-001  2.9560859e-001  4.9937532e+000  8.1479500e-007
  5.4737366e+002  3.0547034e-001  2.9640464e-001  4.9938848e+000  9.4029100e-007
  5.4865066e+002  3.0552955e-001  2.9685200e-001  4.9953190e+000  9.4769300e-007
  5.4988878e+002  3.0572033e-001  2.9608227e-001  4.9950426e+000  8.0009800e-007
  5.5113687e+002  3.0537165e-001  2.9668753e-001  4.9937466e+000 -6.8819100e-007
  5.5236497e+002  3.0541771e-001  2.9625333e-001  4.9955426e+000  3.8919500e-007
  5.5362206e+002  3.0445719e-001  2.9695069e-001  4.9952071e+000 -4.4610000e-007
  5.5495017e+002  3.0538481e-001  2.9631253e-001  4.9949637e+000  6.2424000e-007
  5.5624580e+002  3.0550323e-001  2.9659543e-001  4.9935756e+000  8.2134000e-007
  5.5747228e+002  3.0554270e-001  2.9641780e-001  4.9947795e+000 -3.1738400e-007
  5.5876538e+002  3.0577297e-001  2.9631911e-001  4.9940427e+000  5.0647000e-007
  5.6001346e+002  3.0531902e-001  2.9678621e-001  4.9942203e+000 -7.6460000e-007
  5.6126360e+002  3.0573349e-001  2.9577307e-001  4.9958716e+000  8.6712000e-007
  5.6258259e+002  3.0533218e-001  2.9691779e-001  4.9933782e+000  8.7256700e-007
  5.6389060e+002  3.0525981e-001  2.9681253e-001  4.9935821e+000 -8.8379000e-007
  5.6514368e+002  3.0520718e-001  2.9685858e-001  4.9997465e+000  5.3505100e-007
  5.6641681e+002  3.0594402e-001  2.9597043e-001  4.9940295e+000  7.7527800e-007
  5.6766491e+002  3.0546376e-001  2.9531912e-001  4.9952795e+000 -6.2987100e-007
  5.6896296e+002  3.0519402e-001  2.9656911e-001  4.9954900e+000 -2.0811200e-007
  5.7024806e+002  3.0361509e-001  2.9870725e-001  4.9938453e+000 -6.1556000e-007
  5.7154308e+002  3.0471377e-001  2.9654280e-001  4.9963518e+000 -7.4804000e-007
  5.7279722e+002  3.0457561e-001  2.9616780e-001  4.9953979e+000  7.5100200e-007
  5.7412419e+002  3.0602296e-001  2.9492439e-001  4.9948058e+000 -8.6906000e-007
  5.7537435e+002  3.0508876e-001  2.9581912e-001  4.9955690e+000  8.8834500e-007
  5.7667240e+002  3.0528613e-001  2.9673358e-001  4.9939308e+000  6.6784900e-007
  5.7793054e+002  3.0551639e-001  2.9591122e-001  4.9954440e+000  3.3803700e-007
  5.7919563e+002  3.0514797e-001  2.9653622e-001  4.9937795e+000  5.2336000e-007
  5.8050663e+002  3.0524666e-001  2.9612833e-001  4.9946874e+000 -2.8658000e-008
  5.8186363e+002  3.0483876e-001  2.9548360e-001  4.9948124e+000 -7.1334000e-007
  5.8316168e+002  3.0543086e-001  2.9592438e-001  4.9940427e+000 -9.0625000e-007
  5.8442077e+002  3.0577297e-001  2.9565465e-001  4.9938584e+000 -8.7447200e-007
  5.8573822e+002  3.0431903e-001  2.9589807e-001  4.9956940e+000  9.5767100e-007
  5.8700688e+002  3.0487824e-001  2.9629938e-001  4.9936545e+000  8.5369500e-007
  5.8826495e+002  3.0545060e-001  2.9579280e-001  4.9943848e+000  6.6566700e-007
  5.8955304e+002  3.0617428e-001  2.9362835e-001  4.9936479e+000 -3.0035000e-007
  5.9082914e+002  3.0587165e-001  2.9666779e-001  4.9937006e+000  4.8323000e-007
  5.9209822e+002  3.0612823e-001  2.9651648e-001  4.9953124e+000 -8.1017000e-007
  5.9342832e+002  3.0458877e-001  2.9566123e-001  4.9950295e+000  7.4722800e-007
  5.9469769e+002  3.0474666e-001  2.9668095e-001  4.9956808e+000 -7.9438000e-007
  5.9593067e+002  3.0475324e-001  2.9541781e-001  4.9948848e+000 -4.9856600e-007
